unit_a	unit_b	k_sweep	chosen_k	kmers_a	kmers_b	shared	union	jaccard_at_chosen_k	containment_at_chosen_k	distance	containment_p	resolution_limited	k_consistency_spread
HAP1_chr01	HAP1_chr02	11,13,15,17,19,23	23	48360295	48533888	5155140	91739043	0.056194	0.106599	0.097412	0.092747	False	0.079913
HAP1_chr01	HAP1_chr03	11,13,15,17,19,23	23	48360295	47349636	6412290	89297641	0.071808	0.135424	0.087389	0.083257	False	0.069408
HAP1_chr01	HAP1_chr04	11,13,15,17,19,23	23	48360295	33744158	2353806	79750647	0.029515	0.069754	0.124296	0.109322	False	0.108787
HAP1_chr01	HAP1_chr05	11,13,15,17,19,23	23	48360295	41868881	2566862	87662314	0.029281	0.061307	0.124631	0.114307	False	0.112161
HAP1_chr01	HAP1_chr06	11,13,15,17,19,23	23	48360295	40897342	2426595	86831042	0.027946	0.059334	0.126604	0.115566	False	0.114402
HAP1_chr01	HAP1_chr07	11,13,15,17,19,23	23	48360295	38784975	2383988	84761282	0.028126	0.061467	0.126333	0.114207	False	0.113130
HAP1_chr01	HAP1_chr08	11,13,15,17,19,23	23	48360295	35686389	2313026	81733658	0.028300	0.064815	0.126073	0.112162	False	0.112235
HAP1_chr01	HAP1_chr09	11,13,15,17,19,23	23	48360295	36689167	2302256	82747206	0.027823	0.062750	0.126791	0.113411	False	0.112905
HAP1_chr01	HAP1_chr10	11,13,15,17,19,23	23	48360295	34623482	2304822	80678955	0.028568	0.066568	0.125674	0.111131	False	0.111393
HAP1_chr01	HAP1_chr11	11,13,15,17,19,23	23	48360295	31191926	2227525	77324696	0.028807	0.071414	0.125321	0.108412	False	0.109671
HAP1_chr01	HAP1_chr12	11,13,15,17,19,23	23	48360295	32093411	1964687	78489019	0.025031	0.061218	0.131270	0.114363	False	0.114735
HAP1_chr01	HAP1_chr13	11,13,15,17,19,23	23	48360295	30993295	2049919	77303671	0.026518	0.066141	0.128825	0.111380	False	0.112479
HAP1_chr01	HAP1_chr14	11,13,15,17,19,23	23	48360295	28527320	2114407	74773208	0.028278	0.074119	0.126105	0.106969	False	0.108938
HAP1_chr01	HAP1_chr15	11,13,15,17,19,23	23	48360295	27358252	1917153	73801394	0.025977	0.070076	0.129697	0.109144	False	0.111513
HAP1_chr01	HAP2_chr01	11,13,15,17,19,23	23	48360295	48726428	5192227	91894496	0.056502	0.107365	0.097187	0.092464	False	0.079757
HAP1_chr01	HAP2_chr02	11,13,15,17,19,23	23	48360295	47240339	30568526	65032108	0.470053	0.647085	0.019437	0.018747	False	0.011269
HAP1_chr01	HAP2_chr03	11,13,15,17,19,23	23	48360295	47366046	6405082	89321259	0.071708	0.135225	0.087446	0.083315	False	0.069422
HAP1_chr01	HAP2_chr04	11,13,15,17,19,23	23	48360295	37366764	2435774	83291285	0.029244	0.065186	0.124685	0.111942	False	0.110865
HAP1_chr01	HAP2_chr05	11,13,15,17,19,23	23	48360295	39538026	2463618	85434703	0.028836	0.062310	0.125278	0.113682	False	0.113157
HAP1_chr01	HAP2_chr06	11,13,15,17,19,23	23	48360295	35047506	2312307	81095494	0.028513	0.065976	0.125754	0.111476	False	0.111160
HAP1_chr01	HAP2_chr07	11,13,15,17,19,23	23	48360295	34737215	2084498	81013012	0.025730	0.060008	0.130102	0.115132	False	0.115451
HAP1_chr01	HAP2_chr08	11,13,15,17,19,23	23	48360295	34383664	2246913	80497046	0.027913	0.065348	0.126654	0.111846	False	0.112317
HAP1_chr01	HAP2_chr09	11,13,15,17,19,23	23	48360295	26492289	2226561	72626023	0.030658	0.084046	0.122692	0.102076	False	0.103699
HAP1_chr01	HAP2_chr10	11,13,15,17,19,23	23	48360295	34454945	2298219	80517021	0.028543	0.066702	0.125710	0.111053	False	0.111416
HAP1_chr01	HAP2_chr11	11,13,15,17,19,23	23	48360295	25845315	1923606	72282004	0.026613	0.074428	0.128674	0.106808	False	0.109878
HAP1_chr01	HAP2_chr12	11,13,15,17,19,23	23	48360295	32272788	2062347	78570736	0.026248	0.063904	0.129257	0.112709	False	0.112906
HAP1_chr01	HAP2_chr13	11,13,15,17,19,23	23	48360295	30726569	1972469	77114395	0.025578	0.064194	0.130353	0.112533	False	0.113527
HAP1_chr01	HAP2_chr14	11,13,15,17,19,23	23	48360295	29913583	2103871	76170007	0.027621	0.070332	0.127099	0.109003	False	0.110354
HAP1_chr01	HAP2_chr15	11,13,15,17,19,23	23	48360295	28531402	1976111	74915586	0.026378	0.069261	0.129049	0.109597	False	0.111688
HAP1_chr01	HAP3_chr01	11,13,15,17,19,23	23	48360295	48274836	5162457	91472674	0.056437	0.106939	0.097234	0.092621	False	0.079755
HAP1_chr01	HAP3_chr02	11,13,15,17,19,23	23	48360295	47202783	30145884	65417194	0.460825	0.638646	0.020026	0.019307	False	0.011653
HAP1_chr01	HAP3_chr03	11,13,15,17,19,23	23	48360295	44724948	6084829	87000414	0.069940	0.136050	0.088460	0.083073	False	0.069912
HAP1_chr01	HAP3_chr04	11,13,15,17,19,23	23	48360295	41082189	2552192	86890292	0.029373	0.062124	0.124500	0.113797	False	0.111882
HAP1_chr01	HAP3_chr05	11,13,15,17,19,23	23	48360295	37728269	2378923	83709641	0.028419	0.063054	0.125895	0.113225	False	0.113021
HAP1_chr01	HAP3_chr06	11,13,15,17,19,23	23	48360295	40073292	2434635	85998952	0.028310	0.060755	0.126057	0.114656	False	0.113114
HAP1_chr01	HAP3_chr07	11,13,15,17,19,23	23	48360295	33876111	2254719	79981687	0.028190	0.066558	0.126236	0.111137	False	0.111825
HAP1_chr01	HAP3_chr08	11,13,15,17,19,23	23	48360295	36015017	2235011	82140301	0.027210	0.062058	0.127734	0.113839	False	0.113454
HAP1_chr01	HAP3_chr09	11,13,15,17,19,23	23	48360295	34974758	2419698	80915355	0.029904	0.069184	0.123743	0.109640	False	0.108513
HAP1_chr01	HAP3_chr10	11,13,15,17,19,23	23	48360295	34414061	2295523	80478833	0.028523	0.066703	0.125740	0.111053	False	0.111536
HAP1_chr01	HAP3_chr11	11,13,15,17,19,23	23	48360295	29847782	2018321	76189756	0.026491	0.067620	0.128868	0.110525	False	0.111962
HAP1_chr01	HAP3_chr12	11,13,15,17,19,23	23	48360295	32433415	2064195	78729515	0.026219	0.063644	0.129305	0.112865	False	0.113174
HAP1_chr01	HAP3_chr13	11,13,15,17,19,23	23	48360295	29733458	1991778	76101975	0.026172	0.066988	0.129380	0.110888	False	0.112314
HAP1_chr01	HAP3_chr14	11,13,15,17,19,23	23	48360295	29012809	2096269	75276835	0.027847	0.072253	0.126754	0.107958	False	0.109760
HAP1_chr01	HAP3_chr15	11,13,15,17,19,23	23	48360295	27875899	1918859	74317335	0.025820	0.068836	0.129955	0.109836	False	0.112015
HAP1_chr01	HAP4_chr01	11,13,15,17,19,23	23	48360295	41241440	4579999	85021736	0.053869	0.111053	0.099153	0.091131	False	0.080270
HAP1_chr01	HAP4_chr02	11,13,15,17,19,23	23	48360295	38993514	25046907	62306902	0.401992	0.642335	0.024177	0.019061	False	0.014190
HAP1_chr01	HAP4_chr03	11,13,15,17,19,23	23	48360295	43331636	5885959	85805972	0.068596	0.135835	0.089249	0.083136	False	0.070420
HAP1_chr01	HAP4_chr04	11,13,15,17,19,23	23	48360295	36662643	2377776	82645162	0.028771	0.064856	0.125374	0.112138	False	0.111426
HAP1_chr01	HAP4_chr05	11,13,15,17,19,23	23	48360295	41047945	2504095	86904145	0.028814	0.061004	0.125310	0.114498	False	0.113329
HAP1_chr01	HAP4_chr06	11,13,15,17,19,23	23	48360295	36617732	2328672	82649355	0.028175	0.063594	0.126259	0.112896	False	0.112605
HAP1_chr01	HAP4_chr07	11,13,15,17,19,23	23	48360295	34782765	2273241	80869819	0.028110	0.065355	0.126357	0.111841	False	0.112272
HAP1_chr01	HAP4_chr08	11,13,15,17,19,23	23	48360295	34895954	2290892	80965357	0.028295	0.065649	0.126080	0.111668	False	0.111645
HAP1_chr01	HAP4_chr09	11,13,15,17,19,23	23	48360295	31553840	2278339	77635796	0.029347	0.072205	0.124537	0.107984	False	0.108231
HAP1_chr01	HAP4_chr10	11,13,15,17,19,23	23	48360295	31025022	2179429	77205888	0.028229	0.070247	0.126178	0.109050	False	0.110233
HAP1_chr01	HAP4_chr11	11,13,15,17,19,23	23	48360295	29508763	2194797	75674261	0.029003	0.074378	0.125034	0.106834	False	0.108447
HAP1_chr01	HAP4_chr12	11,13,15,17,19,23	23	48360295	29184285	1859053	75685527	0.024563	0.063700	0.132071	0.112831	False	0.114292
HAP1_chr01	HAP4_chr13	11,13,15,17,19,23	23	48360295	28038087	1879463	74518919	0.025221	0.067032	0.130949	0.110862	False	0.112972
HAP1_chr01	HAP4_chr14	11,13,15,17,19,23	23	48360295	26946496	2037761	73269030	0.027812	0.075622	0.126807	0.106189	False	0.108388
HAP1_chr01	HAP4_chr15	11,13,15,17,19,23	23	48360295	24564508	1894836	71029967	0.026677	0.077137	0.128572	0.105418	False	0.108869
HAP1_chr02	HAP1_chr03	11,13,15,17,19,23	23	48533888	47349636	4957299	90926225	0.054520	0.104696	0.098658	0.093457	False	0.080697
HAP1_chr02	HAP1_chr04	11,13,15,17,19,23	23	48533888	33744158	2551215	79726831	0.031999	0.075605	0.120886	0.106198	False	0.104230
HAP1_chr02	HAP1_chr05	11,13,15,17,19,23	23	48533888	41868881	2691269	87711500	0.030683	0.064279	0.122657	0.112483	False	0.109037
HAP1_chr02	HAP1_chr06	11,13,15,17,19,23	23	48533888	40897342	2372872	87058358	0.027256	0.058020	0.127662	0.116427	False	0.114847
HAP1_chr02	HAP1_chr07	11,13,15,17,19,23	23	48533888	38784975	2533385	84785478	0.029880	0.065319	0.123777	0.111863	False	0.109231
HAP1_chr02	HAP1_chr08	11,13,15,17,19,23	23	48533888	35686389	2210255	82010022	0.026951	0.061936	0.128138	0.113914	False	0.113493
HAP1_chr02	HAP1_chr09	11,13,15,17,19,23	23	48533888	36689167	2411725	82811330	0.029123	0.065734	0.124860	0.111618	False	0.109780
HAP1_chr02	HAP1_chr10	11,13,15,17,19,23	23	48533888	34623482	2400568	80756802	0.029726	0.069334	0.123995	0.109557	False	0.108361
HAP1_chr02	HAP1_chr11	11,13,15,17,19,23	23	48533888	31191926	2115814	77610000	0.027262	0.067832	0.127652	0.110404	False	0.110998
HAP1_chr02	HAP1_chr12	11,13,15,17,19,23	23	48533888	32093411	2062869	78564430	0.026257	0.064277	0.129243	0.112484	False	0.111324
HAP1_chr02	HAP1_chr13	11,13,15,17,19,23	23	48533888	30993295	1973259	77553924	0.025444	0.063667	0.130577	0.112851	False	0.113257
HAP1_chr02	HAP1_chr14	11,13,15,17,19,23	23	48533888	28527320	2187140	74874068	0.029211	0.076668	0.124733	0.105655	False	0.105952
HAP1_chr02	HAP1_chr15	11,13,15,17,19,23	23	48533888	27358252	2046717	73845423	0.027716	0.074812	0.126953	0.106608	False	0.107879
HAP1_chr02	HAP2_chr01	11,13,15,17,19,23	23	48533888	48726428	29994312	67266004	0.445906	0.618008	0.021010	0.020707	False	0.012504
HAP1_chr02	HAP2_chr02	11,13,15,17,19,23	23	48533888	47240339	5050012	90724215	0.055663	0.106900	0.097802	0.092636	False	0.080103
HAP1_chr02	HAP2_chr03	11,13,15,17,19,23	23	48533888	47366046	4968677	90931257	0.054642	0.104900	0.098565	0.093381	False	0.080599
HAP1_chr02	HAP2_chr04	11,13,15,17,19,23	23	48533888	37366764	2567796	83332856	0.030814	0.068719	0.122478	0.109902	False	0.107465
HAP1_chr02	HAP2_chr05	11,13,15,17,19,23	23	48533888	39538026	2352462	85719452	0.027444	0.059499	0.127371	0.115459	False	0.114419
HAP1_chr02	HAP2_chr06	11,13,15,17,19,23	23	48533888	35047506	2494072	81087322	0.030758	0.071163	0.122555	0.108548	False	0.106671
HAP1_chr02	HAP2_chr07	11,13,15,17,19,23	23	48533888	34737215	2056301	81214802	0.025319	0.059196	0.130785	0.115656	False	0.115504
HAP1_chr02	HAP2_chr08	11,13,15,17,19,23	23	48533888	34383664	2366548	80551004	0.029379	0.068828	0.124490	0.109840	False	0.108904
HAP1_chr02	HAP2_chr09	11,13,15,17,19,23	23	48533888	26492289	2373517	72652660	0.032669	0.089593	0.120014	0.099577	False	0.099716
HAP1_chr02	HAP2_chr10	11,13,15,17,19,23	23	48533888	34454945	2405124	80583709	0.029846	0.069805	0.123824	0.109294	False	0.108220
HAP1_chr02	HAP2_chr11	11,13,15,17,19,23	23	48533888	25845315	1835026	72544177	0.025295	0.071000	0.130825	0.108637	False	0.111205
HAP1_chr02	HAP2_chr12	11,13,15,17,19,23	23	48533888	32272788	2164914	78641762	0.027529	0.067082	0.127241	0.110834	False	0.109438
HAP1_chr02	HAP2_chr13	11,13,15,17,19,23	23	48533888	30726569	1898322	77362135	0.024538	0.061781	0.132114	0.114011	False	0.114383
HAP1_chr02	HAP2_chr14	11,13,15,17,19,23	23	48533888	29913583	2236147	76211324	0.029341	0.074754	0.124545	0.106638	False	0.106543
HAP1_chr02	HAP2_chr15	11,13,15,17,19,23	23	48533888	28531402	2110483	74954807	0.028157	0.073971	0.126286	0.107047	False	0.107915
HAP1_chr02	HAP3_chr01	11,13,15,17,19,23	23	48533888	48274836	29500144	67308580	0.438282	0.611087	0.021530	0.021186	False	0.012830
HAP1_chr02	HAP3_chr02	11,13,15,17,19,23	23	48533888	47202783	5001189	90735482	0.055118	0.105951	0.098208	0.092987	False	0.080418
HAP1_chr02	HAP3_chr03	11,13,15,17,19,23	23	48533888	44724948	4790401	88468435	0.054148	0.107108	0.098940	0.092559	False	0.080473
HAP1_chr02	HAP3_chr04	11,13,15,17,19,23	23	48533888	41082189	2678104	86937973	0.030805	0.065189	0.122490	0.111940	False	0.108734
HAP1_chr02	HAP3_chr05	11,13,15,17,19,23	23	48533888	37728269	2282685	83979472	0.027181	0.060503	0.127778	0.114815	False	0.114080
HAP1_chr02	HAP3_chr06	11,13,15,17,19,23	23	48533888	40073292	2616657	85990523	0.030430	0.065297	0.123007	0.111876	False	0.108773
HAP1_chr02	HAP3_chr07	11,13,15,17,19,23	23	48533888	33876111	2175791	80234208	0.027118	0.064228	0.127877	0.112513	False	0.112734
HAP1_chr02	HAP3_chr08	11,13,15,17,19,23	23	48533888	36015017	2397569	82151336	0.029185	0.066571	0.124771	0.111129	False	0.109483
HAP1_chr02	HAP3_chr09	11,13,15,17,19,23	23	48533888	34974758	2619947	80888699	0.032390	0.074910	0.120376	0.106557	False	0.104004
HAP1_chr02	HAP3_chr10	11,13,15,17,19,23	23	48533888	34414061	2381208	80566741	0.029556	0.069193	0.124237	0.109635	False	0.108633
HAP1_chr02	HAP3_chr11	11,13,15,17,19,23	23	48533888	29847782	1960986	76420684	0.025660	0.065700	0.130217	0.111639	False	0.112513
HAP1_chr02	HAP3_chr12	11,13,15,17,19,23	23	48533888	32433415	2150488	78816815	0.027285	0.066305	0.127618	0.111284	False	0.109946
HAP1_chr02	HAP3_chr13	11,13,15,17,19,23	23	48533888	29733458	1955349	76311997	0.025623	0.065763	0.130279	0.111602	False	0.112455
HAP1_chr02	HAP3_chr14	11,13,15,17,19,23	23	48533888	29012809	2178272	75368425	0.028902	0.075080	0.125183	0.106469	False	0.106687
HAP1_chr02	HAP3_chr15	11,13,15,17,19,23	23	48533888	27875899	2034433	74375354	0.027354	0.072982	0.127511	0.107569	False	0.108637
HAP1_chr02	HAP4_chr01	11,13,15,17,19,23	23	48533888	41241440	24942936	64832392	0.384730	0.604803	0.025547	0.021626	False	0.015353
HAP1_chr02	HAP4_chr02	11,13,15,17,19,23	23	48533888	38993514	4167872	83359530	0.049999	0.106886	0.102235	0.092641	False	0.082777
HAP1_chr02	HAP4_chr03	11,13,15,17,19,23	23	48533888	43331636	4651169	87214355	0.053330	0.107339	0.099568	0.092474	False	0.080893
HAP1_chr02	HAP4_chr04	11,13,15,17,19,23	23	48533888	36662643	2525724	82670807	0.030552	0.068891	0.122839	0.109805	False	0.107758
HAP1_chr02	HAP4_chr05	11,13,15,17,19,23	23	48533888	41047945	2406001	87175832	0.027599	0.058614	0.127132	0.116035	False	0.114381
HAP1_chr02	HAP4_chr06	11,13,15,17,19,23	23	48533888	36617732	2432716	82718904	0.029409	0.066435	0.124447	0.111208	False	0.109342
HAP1_chr02	HAP4_chr07	11,13,15,17,19,23	23	48533888	34782765	2156348	81160305	0.026569	0.061995	0.128743	0.113878	False	0.113740
HAP1_chr02	HAP4_chr08	11,13,15,17,19,23	23	48533888	34895954	2415427	81014415	0.029815	0.069218	0.123869	0.109621	False	0.108219
HAP1_chr02	HAP4_chr09	11,13,15,17,19,23	23	48533888	31553840	2453431	77634297	0.031602	0.077754	0.121413	0.105108	False	0.103981
HAP1_chr02	HAP4_chr10	11,13,15,17,19,23	23	48533888	31025022	2268480	77290430	0.029350	0.073118	0.124532	0.107497	False	0.107333
HAP1_chr02	HAP4_chr11	11,13,15,17,19,23	23	48533888	29508763	2091518	75951133	0.027538	0.070878	0.127227	0.108704	False	0.109668
HAP1_chr02	HAP4_chr12	11,13,15,17,19,23	23	48533888	29184285	1997043	75721130	0.026374	0.068429	0.129055	0.110065	False	0.110120
HAP1_chr02	HAP4_chr13	11,13,15,17,19,23	23	48533888	28038087	1821314	74750661	0.024365	0.064959	0.132414	0.112077	False	0.113713
HAP1_chr02	HAP4_chr14	11,13,15,17,19,23	23	48533888	26946496	2102268	73378116	0.028650	0.078016	0.125553	0.104977	False	0.105638
HAP1_chr02	HAP4_chr15	11,13,15,17,19,23	23	48533888	24564508	1981578	71116818	0.027864	0.080668	0.126729	0.103675	False	0.105899
HAP1_chr03	HAP1_chr04	11,13,15,17,19,23	23	47349636	33744158	2529746	78564048	0.032200	0.074968	0.120623	0.106527	False	0.103837
HAP1_chr03	HAP1_chr05	11,13,15,17,19,23	23	47349636	41868881	2759453	86459064	0.031916	0.065907	0.120996	0.111517	False	0.107209
HAP1_chr03	HAP1_chr06	11,13,15,17,19,23	23	47349636	40897342	2364618	85882360	0.027533	0.057818	0.127234	0.116561	False	0.114007
HAP1_chr03	HAP1_chr07	11,13,15,17,19,23	23	47349636	38784975	2543595	83591016	0.030429	0.065582	0.123008	0.111708	False	0.108543
HAP1_chr03	HAP1_chr08	11,13,15,17,19,23	23	47349636	35686389	2300883	80735142	0.028499	0.064475	0.125775	0.112365	False	0.111154
HAP1_chr03	HAP1_chr09	11,13,15,17,19,23	23	47349636	36689167	2496089	81542714	0.030611	0.068033	0.122757	0.110289	False	0.107780
HAP1_chr03	HAP1_chr10	11,13,15,17,19,23	23	47349636	34623482	2489644	79483474	0.031323	0.071906	0.121787	0.108145	False	0.106106
HAP1_chr03	HAP1_chr11	11,13,15,17,19,23	23	47349636	31191926	2115305	76426257	0.027678	0.067816	0.127012	0.110413	False	0.110158
HAP1_chr03	HAP1_chr12	11,13,15,17,19,23	23	47349636	32093411	2123268	77319779	0.027461	0.066159	0.127345	0.111369	False	0.109541
HAP1_chr03	HAP1_chr13	11,13,15,17,19,23	23	47349636	30993295	2021788	76321143	0.026491	0.065233	0.128868	0.111914	False	0.111593
HAP1_chr03	HAP1_chr14	11,13,15,17,19,23	23	47349636	28527320	2189869	73687087	0.029718	0.076764	0.124005	0.105607	False	0.104972
HAP1_chr03	HAP1_chr15	11,13,15,17,19,23	23	47349636	27358252	2059211	72648677	0.028345	0.075268	0.126005	0.106371	False	0.106604
HAP1_chr03	HAP2_chr01	11,13,15,17,19,23	23	47349636	48726428	5032308	91043756	0.055274	0.106280	0.098092	0.092865	False	0.080253
HAP1_chr03	HAP2_chr02	11,13,15,17,19,23	23	47349636	47240339	6239206	88350769	0.070619	0.132074	0.088067	0.084255	False	0.069823
HAP1_chr03	HAP2_chr03	11,13,15,17,19,23	23	47349636	47366046	28195256	66520426	0.423859	0.595469	0.022547	0.022287	False	0.013316
HAP1_chr03	HAP2_chr04	11,13,15,17,19,23	23	47349636	37366764	2608107	82108293	0.031764	0.069798	0.121197	0.109299	False	0.106086
HAP1_chr03	HAP2_chr05	11,13,15,17,19,23	23	47349636	39538026	2368424	84519238	0.028022	0.059902	0.126489	0.115199	False	0.113177
HAP1_chr03	HAP2_chr06	11,13,15,17,19,23	23	47349636	35047506	2466437	79930705	0.030857	0.070374	0.122419	0.108980	False	0.106558
HAP1_chr03	HAP2_chr07	11,13,15,17,19,23	23	47349636	34737215	2093833	79993018	0.026175	0.060276	0.129375	0.114960	False	0.114039
HAP1_chr03	HAP2_chr08	11,13,15,17,19,23	23	47349636	34383664	2398067	79335233	0.030227	0.069744	0.123289	0.109328	False	0.107550
HAP1_chr03	HAP2_chr09	11,13,15,17,19,23	23	47349636	26492289	2394424	71447501	0.033513	0.090382	0.118941	0.099233	False	0.098605
HAP1_chr03	HAP2_chr10	11,13,15,17,19,23	23	47349636	34454945	2474201	79330380	0.031189	0.071810	0.121968	0.108197	False	0.106302
HAP1_chr03	HAP2_chr11	11,13,15,17,19,23	23	47349636	25845315	1887175	71307776	0.026465	0.073018	0.128909	0.107550	False	0.109356
HAP1_chr03	HAP2_chr12	11,13,15,17,19,23	23	47349636	32272788	2176889	77445535	0.028109	0.067453	0.126359	0.110621	False	0.108473
HAP1_chr03	HAP2_chr13	11,13,15,17,19,23	23	47349636	30726569	1971769	76104436	0.025909	0.064171	0.129809	0.112547	False	0.112264
HAP1_chr03	HAP2_chr14	11,13,15,17,19,23	23	47349636	29913583	2197516	75065703	0.029275	0.073462	0.124641	0.107315	False	0.106259
HAP1_chr03	HAP2_chr15	11,13,15,17,19,23	23	47349636	28531402	2114466	73766572	0.028664	0.074110	0.125531	0.106974	False	0.106832
HAP1_chr03	HAP3_chr01	11,13,15,17,19,23	23	47349636	48274836	4966953	90657519	0.054788	0.104899	0.098455	0.093381	False	0.080514
HAP1_chr03	HAP3_chr02	11,13,15,17,19,23	23	47349636	47202783	6212522	88339897	0.070325	0.131613	0.088237	0.084394	False	0.069923
HAP1_chr03	HAP3_chr03	11,13,15,17,19,23	23	47349636	44724948	28222170	63852414	0.441991	0.631016	0.021276	0.019819	False	0.012400
HAP1_chr03	HAP3_chr04	11,13,15,17,19,23	23	47349636	41082189	2759562	85672263	0.032211	0.067172	0.120609	0.110782	False	0.106763
HAP1_chr03	HAP3_chr05	11,13,15,17,19,23	23	47349636	37728269	2280706	82797199	0.027546	0.060451	0.127215	0.114849	False	0.113271
HAP1_chr03	HAP3_chr06	11,13,15,17,19,23	23	47349636	40073292	2616664	84806264	0.030855	0.065297	0.122422	0.111876	False	0.108250
HAP1_chr03	HAP3_chr07	11,13,15,17,19,23	23	47349636	33876111	2237965	78987782	0.028333	0.066063	0.126023	0.111425	False	0.110952
HAP1_chr03	HAP3_chr08	11,13,15,17,19,23	23	47349636	36015017	2426000	80938653	0.029973	0.067361	0.123645	0.110674	False	0.108157
HAP1_chr03	HAP3_chr09	11,13,15,17,19,23	23	47349636	34974758	2660623	79663771	0.033398	0.076073	0.119085	0.105958	False	0.102719
HAP1_chr03	HAP3_chr10	11,13,15,17,19,23	23	47349636	34414061	2475466	79288231	0.031221	0.071932	0.121924	0.108131	False	0.106325
HAP1_chr03	HAP3_chr11	11,13,15,17,19,23	23	47349636	29847782	1959448	75237970	0.026043	0.065648	0.129589	0.111669	False	0.111899
HAP1_chr03	HAP3_chr12	11,13,15,17,19,23	23	47349636	32433415	2173971	77609080	0.028012	0.067029	0.126505	0.110865	False	0.108831
HAP1_chr03	HAP3_chr13	11,13,15,17,19,23	23	47349636	29733458	1991161	75091933	0.026516	0.066967	0.128827	0.110900	False	0.111056
HAP1_chr03	HAP3_chr14	11,13,15,17,19,23	23	47349636	29012809	2179536	74182909	0.029381	0.075123	0.124488	0.106446	False	0.105715
HAP1_chr03	HAP3_chr15	11,13,15,17,19,23	23	47349636	27875899	2051894	73173641	0.028041	0.073608	0.126460	0.107238	False	0.107282
HAP1_chr03	HAP4_chr01	11,13,15,17,19,23	23	47349636	41241440	4418564	84172512	0.052494	0.107139	0.100220	0.092548	False	0.080947
HAP1_chr03	HAP4_chr02	11,13,15,17,19,23	23	47349636	38993514	5225993	81117157	0.064425	0.134022	0.091806	0.083672	False	0.072053
HAP1_chr03	HAP4_chr03	11,13,15,17,19,23	23	47349636	43331636	26531910	64149362	0.413596	0.612299	0.023298	0.021102	False	0.013732
HAP1_chr03	HAP4_chr04	11,13,15,17,19,23	23	47349636	36662643	2575787	81436492	0.031629	0.070256	0.121377	0.109045	False	0.106140
HAP1_chr03	HAP4_chr05	11,13,15,17,19,23	23	47349636	41047945	2404078	85993503	0.027957	0.058568	0.126588	0.116066	False	0.113458
HAP1_chr03	HAP4_chr06	11,13,15,17,19,23	23	47349636	36617732	2457775	81509593	0.030153	0.067120	0.123392	0.110812	False	0.108435
HAP1_chr03	HAP4_chr07	11,13,15,17,19,23	23	47349636	34782765	2255845	79876556	0.028242	0.064855	0.126159	0.112138	False	0.111227
HAP1_chr03	HAP4_chr08	11,13,15,17,19,23	23	47349636	34895954	2423760	79821830	0.030365	0.069457	0.123098	0.109488	False	0.107306
HAP1_chr03	HAP4_chr09	11,13,15,17,19,23	23	47349636	31553840	2458979	76444497	0.032167	0.077930	0.120667	0.105020	False	0.103159
HAP1_chr03	HAP4_chr10	11,13,15,17,19,23	23	47349636	31025022	2335335	76039323	0.030712	0.075273	0.122617	0.106369	False	0.105274
HAP1_chr03	HAP4_chr11	11,13,15,17,19,23	23	47349636	29508763	2118530	74739869	0.028345	0.071793	0.126004	0.108206	False	0.108418
HAP1_chr03	HAP4_chr12	11,13,15,17,19,23	23	47349636	29184285	2033931	74499990	0.027301	0.069693	0.127592	0.109357	False	0.108709
HAP1_chr03	HAP4_chr13	11,13,15,17,19,23	23	47349636	28038087	1883714	73504009	0.025627	0.067184	0.130272	0.110775	False	0.111620
HAP1_chr03	HAP4_chr14	11,13,15,17,19,23	23	47349636	26946496	2079952	72216180	0.028802	0.077188	0.125329	0.105392	False	0.104984
HAP1_chr03	HAP4_chr15	11,13,15,17,19,23	23	47349636	24564508	1983957	69930187	0.028371	0.080765	0.125967	0.103629	False	0.104888
HAP1_chr04	HAP1_chr05	11,13,15,17,19,23	23	33744158	41868881	2347958	73265081	0.032047	0.069581	0.120823	0.109419	False	0.103351
HAP1_chr04	HAP1_chr06	11,13,15,17,19,23	23	33744158	40897342	2012369	72629131	0.027707	0.059636	0.126967	0.115371	False	0.110358
HAP1_chr04	HAP1_chr07	11,13,15,17,19,23	23	33744158	38784975	2170108	70359025	0.030843	0.064311	0.122438	0.112464	False	0.104187
HAP1_chr04	HAP1_chr08	11,13,15,17,19,23	23	33744158	35686389	1968197	67462350	0.029175	0.058327	0.124785	0.116224	False	0.106708
HAP1_chr04	HAP1_chr09	11,13,15,17,19,23	23	33744158	36689167	2140649	68292676	0.031345	0.063438	0.121757	0.112991	False	0.103094
HAP1_chr04	HAP1_chr10	11,13,15,17,19,23	23	33744158	34623482	2167565	66200075	0.032743	0.064235	0.119919	0.112509	False	0.100965
HAP1_chr04	HAP1_chr11	11,13,15,17,19,23	23	33744158	31191926	3070866	61865218	0.049638	0.098451	0.102535	0.095878	False	0.077072
HAP1_chr04	HAP1_chr12	11,13,15,17,19,23	23	33744158	32093411	1839967	63997602	0.028751	0.057332	0.125404	0.116885	False	0.104461
HAP1_chr04	HAP1_chr13	11,13,15,17,19,23	23	33744158	30993295	1727202	63010251	0.027411	0.055728	0.127421	0.117974	False	0.107165
HAP1_chr04	HAP1_chr14	11,13,15,17,19,23	23	33744158	28527320	1926230	60345248	0.031920	0.067522	0.120991	0.110581	False	0.099363
HAP1_chr04	HAP1_chr15	11,13,15,17,19,23	23	33744158	27358252	2775815	58326595	0.047591	0.101462	0.104281	0.094693	False	0.077402
HAP1_chr04	HAP2_chr01	11,13,15,17,19,23	23	33744158	48726428	2577020	79893566	0.032256	0.076369	0.120550	0.105807	False	0.103818
HAP1_chr04	HAP2_chr02	11,13,15,17,19,23	23	33744158	47240339	2293771	78690726	0.029149	0.067975	0.124822	0.110322	False	0.109064
HAP1_chr04	HAP2_chr03	11,13,15,17,19,23	23	33744158	47366046	2549264	78560940	0.032450	0.075547	0.120298	0.106228	False	0.103571
HAP1_chr04	HAP2_chr04	11,13,15,17,19,23	23	33744158	37366764	2254540	68856382	0.032743	0.066813	0.119919	0.110989	False	0.101315
HAP1_chr04	HAP2_chr05	11,13,15,17,19,23	23	33744158	39538026	2031401	71250783	0.028511	0.060200	0.125758	0.115009	False	0.109042
HAP1_chr04	HAP2_chr06	11,13,15,17,19,23	23	33744158	35047506	2127497	66664167	0.031914	0.063048	0.121000	0.113228	False	0.101533
HAP1_chr04	HAP2_chr07	11,13,15,17,19,23	23	33744158	34737215	1805418	66675955	0.027077	0.053503	0.127940	0.119535	False	0.109404
HAP1_chr04	HAP2_chr08	11,13,15,17,19,23	23	33744158	34383664	2110440	66017382	0.031968	0.062542	0.120928	0.113539	False	0.101878
HAP1_chr04	HAP2_chr09	11,13,15,17,19,23	23	33744158	26492289	14227311	46009136	0.309228	0.537036	0.032607	0.026668	False	0.016574
HAP1_chr04	HAP2_chr10	11,13,15,17,19,23	23	33744158	34454945	2138975	66060128	0.032379	0.063388	0.120389	0.113021	False	0.101450
HAP1_chr04	HAP2_chr11	11,13,15,17,19,23	23	33744158	25845315	2633539	56955934	0.046238	0.101896	0.105478	0.094525	False	0.078064
HAP1_chr04	HAP2_chr12	11,13,15,17,19,23	23	33744158	32272788	1844645	64172301	0.028745	0.057158	0.125412	0.117002	False	0.104192
HAP1_chr04	HAP2_chr13	11,13,15,17,19,23	23	33744158	30726569	1676184	62794543	0.026693	0.054552	0.128545	0.118792	False	0.108011
HAP1_chr04	HAP2_chr14	11,13,15,17,19,23	23	33744158	29913583	1947058	61710683	0.031551	0.065089	0.121481	0.111999	False	0.100480
HAP1_chr04	HAP2_chr15	11,13,15,17,19,23	23	33744158	28531402	2884648	59390912	0.048571	0.101104	0.103436	0.094832	False	0.077041
HAP1_chr04	HAP3_chr01	11,13,15,17,19,23	23	33744158	48274836	2586544	79432450	0.032563	0.076652	0.120151	0.105664	False	0.103282
HAP1_chr04	HAP3_chr02	11,13,15,17,19,23	23	33744158	47202783	2258564	78688377	0.028703	0.066932	0.125475	0.110920	False	0.109470
HAP1_chr04	HAP3_chr03	11,13,15,17,19,23	23	33744158	44724948	2442495	76026611	0.032127	0.072383	0.120719	0.107889	False	0.103700
HAP1_chr04	HAP3_chr04	11,13,15,17,19,23	23	33744158	41082189	2334935	72491412	0.032210	0.069195	0.120610	0.109634	False	0.103006
HAP1_chr04	HAP3_chr05	11,13,15,17,19,23	23	33744158	37728269	1954627	69517800	0.028117	0.057925	0.126346	0.116490	False	0.109028
HAP1_chr04	HAP3_chr06	11,13,15,17,19,23	23	33744158	40073292	2243266	71574184	0.031342	0.066479	0.121762	0.111183	False	0.103713
HAP1_chr04	HAP3_chr07	11,13,15,17,19,23	23	33744158	33876111	1928943	65691326	0.029364	0.057164	0.124513	0.116998	False	0.106241
HAP1_chr04	HAP3_chr08	11,13,15,17,19,23	23	33744158	36015017	2113748	67645427	0.031247	0.062640	0.121889	0.113478	False	0.103098
HAP1_chr04	HAP3_chr09	11,13,15,17,19,23	23	33744158	34974758	18446781	50272135	0.366938	0.546666	0.027043	0.025916	False	0.014032
HAP1_chr04	HAP3_chr10	11,13,15,17,19,23	23	33744158	34414061	2101604	66056615	0.031815	0.062281	0.121130	0.113700	False	0.102088
HAP1_chr04	HAP3_chr11	11,13,15,17,19,23	23	33744158	29847782	2985228	60606712	0.049256	0.100015	0.102855	0.095258	False	0.076939
HAP1_chr04	HAP3_chr12	11,13,15,17,19,23	23	33744158	32433415	1873892	64303681	0.029141	0.057777	0.124834	0.116588	False	0.103984
HAP1_chr04	HAP3_chr13	11,13,15,17,19,23	23	33744158	29733458	1704089	61773527	0.027586	0.057312	0.127153	0.116898	False	0.106505
HAP1_chr04	HAP3_chr14	11,13,15,17,19,23	23	33744158	29012809	1915742	60841225	0.031488	0.066031	0.121566	0.111444	False	0.100109
HAP1_chr04	HAP3_chr15	11,13,15,17,19,23	23	33744158	27875899	2850188	58769869	0.048497	0.102246	0.103498	0.094390	False	0.076947
HAP1_chr04	HAP4_chr01	11,13,15,17,19,23	23	33744158	41241440	2302021	72683577	0.031672	0.068220	0.121320	0.110183	False	0.103592
HAP1_chr04	HAP4_chr02	11,13,15,17,19,23	23	33744158	38993514	2175441	70562231	0.030830	0.064469	0.122456	0.112369	False	0.105254
HAP1_chr04	HAP4_chr03	11,13,15,17,19,23	23	33744158	43331636	2479211	74596583	0.033235	0.073471	0.119291	0.107310	False	0.101968
HAP1_chr04	HAP4_chr04	11,13,15,17,19,23	23	33744158	36662643	2198961	68207840	0.032239	0.065166	0.120572	0.111954	False	0.101884
HAP1_chr04	HAP4_chr05	11,13,15,17,19,23	23	33744158	41047945	2067681	72724422	0.028432	0.061275	0.125876	0.114327	False	0.109302
HAP1_chr04	HAP4_chr06	11,13,15,17,19,23	23	33744158	36617732	2102134	68259756	0.030796	0.062296	0.122502	0.113691	False	0.103769
HAP1_chr04	HAP4_chr07	11,13,15,17,19,23	23	33744158	34782765	1929778	66597145	0.028977	0.057189	0.125073	0.116981	False	0.106846
HAP1_chr04	HAP4_chr08	11,13,15,17,19,23	23	33744158	34895954	2162964	66477148	0.032537	0.064099	0.120185	0.112591	False	0.101076
HAP1_chr04	HAP4_chr09	11,13,15,17,19,23	23	33744158	31553840	17522840	47775158	0.366777	0.555331	0.027057	0.025249	False	0.013811
HAP1_chr04	HAP4_chr10	11,13,15,17,19,23	23	33744158	31025022	2026839	62742341	0.032304	0.065329	0.120487	0.111857	False	0.100091
HAP1_chr04	HAP4_chr11	11,13,15,17,19,23	23	33744158	29508763	2975603	60277318	0.049365	0.100838	0.102763	0.094936	False	0.077007
HAP1_chr04	HAP4_chr12	11,13,15,17,19,23	23	33744158	29184285	1727007	61201436	0.028218	0.059176	0.126194	0.115669	False	0.104095
HAP1_chr04	HAP4_chr13	11,13,15,17,19,23	23	33744158	28038087	1610884	60171361	0.026772	0.057453	0.128421	0.116804	False	0.106918
HAP1_chr04	HAP4_chr14	11,13,15,17,19,23	23	33744158	26946496	1868509	58822145	0.031765	0.069341	0.121196	0.109552	False	0.098487
HAP1_chr04	HAP4_chr15	11,13,15,17,19,23	23	33744158	24564508	2542300	55766366	0.045588	0.103495	0.106067	0.093912	False	0.078074
HAP1_chr05	HAP1_chr06	11,13,15,17,19,23	23	41868881	40897342	3751223	79015000	0.047475	0.091723	0.104382	0.098656	False	0.086513
HAP1_chr05	HAP1_chr07	11,13,15,17,19,23	23	41868881	38784975	2885681	77768175	0.037106	0.074402	0.114663	0.106821	False	0.096794
HAP1_chr05	HAP1_chr08	11,13,15,17,19,23	23	41868881	35686389	3829238	73726032	0.051939	0.107302	0.100660	0.092488	False	0.080310
HAP1_chr05	HAP1_chr09	11,13,15,17,19,23	23	41868881	36689167	3357881	75200167	0.044653	0.091522	0.106930	0.098742	False	0.086363
HAP1_chr05	HAP1_chr10	11,13,15,17,19,23	23	41868881	34623482	2334599	74157764	0.031482	0.067428	0.121574	0.110635	False	0.105186
HAP1_chr05	HAP1_chr11	11,13,15,17,19,23	23	41868881	31191926	1948175	71112632	0.027396	0.062458	0.127446	0.113591	False	0.109859
HAP1_chr05	HAP1_chr12	11,13,15,17,19,23	23	41868881	32093411	2057605	71904687	0.028616	0.064113	0.125603	0.112582	False	0.106881
HAP1_chr05	HAP1_chr13	11,13,15,17,19,23	23	41868881	30993295	1899183	70962993	0.026763	0.061277	0.128435	0.114326	False	0.110593
HAP1_chr05	HAP1_chr14	11,13,15,17,19,23	23	41868881	28527320	2103894	68292307	0.030807	0.073750	0.122487	0.107163	False	0.103062
HAP1_chr05	HAP1_chr15	11,13,15,17,19,23	23	41868881	27358252	1952071	67275062	0.029016	0.071352	0.125015	0.108445	False	0.105276
HAP1_chr05	HAP2_chr01	11,13,15,17,19,23	23	41868881	48726428	2745729	87849580	0.031255	0.065579	0.121879	0.111709	False	0.108385
HAP1_chr05	HAP2_chr02	11,13,15,17,19,23	23	41868881	47240339	2442287	86666933	0.028180	0.058332	0.126251	0.116221	False	0.113314
HAP1_chr05	HAP2_chr03	11,13,15,17,19,23	23	41868881	47366046	2767034	86467893	0.032001	0.066088	0.120885	0.111411	False	0.107016
HAP1_chr05	HAP2_chr04	11,13,15,17,19,23	23	41868881	37366764	21810404	57425241	0.379805	0.583685	0.025952	0.023137	False	0.014758
HAP1_chr05	HAP2_chr05	11,13,15,17,19,23	23	41868881	39538026	3593753	77813154	0.046184	0.090894	0.105527	0.099012	False	0.087701
HAP1_chr05	HAP2_chr06	11,13,15,17,19,23	23	41868881	35047506	2819754	74096633	0.038055	0.080455	0.113605	0.103778	False	0.094215
HAP1_chr05	HAP2_chr07	11,13,15,17,19,23	23	41868881	34737215	3707492	72898604	0.050858	0.106730	0.101529	0.092699	False	0.080562
HAP1_chr05	HAP2_chr08	11,13,15,17,19,23	23	41868881	34383664	3175881	73076664	0.043460	0.092366	0.108057	0.098383	False	0.087201
HAP1_chr05	HAP2_chr09	11,13,15,17,19,23	23	41868881	26492289	2199357	66161813	0.033242	0.083019	0.119282	0.102555	False	0.098335
HAP1_chr05	HAP2_chr10	11,13,15,17,19,23	23	41868881	34454945	2346673	73977153	0.031722	0.068108	0.121254	0.110247	False	0.104891
HAP1_chr05	HAP2_chr11	11,13,15,17,19,23	23	41868881	25845315	1718969	65995227	0.026047	0.066510	0.129584	0.111165	False	0.109211
HAP1_chr05	HAP2_chr12	11,13,15,17,19,23	23	41868881	32272788	2089137	72052532	0.028995	0.064734	0.125047	0.112210	False	0.106237
HAP1_chr05	HAP2_chr13	11,13,15,17,19,23	23	41868881	30726569	1841959	70753491	0.026033	0.059947	0.129605	0.115171	False	0.111603
HAP1_chr05	HAP2_chr14	11,13,15,17,19,23	23	41868881	29913583	2116846	69665618	0.030386	0.070765	0.123068	0.108765	False	0.104358
HAP1_chr05	HAP2_chr15	11,13,15,17,19,23	23	41868881	28531402	2021425	68378858	0.029562	0.070849	0.124228	0.108719	False	0.105198
HAP1_chr05	HAP3_chr01	11,13,15,17,19,23	23	41868881	48274836	2729238	87414479	0.031222	0.065185	0.121923	0.111942	False	0.108076
HAP1_chr05	HAP3_chr02	11,13,15,17,19,23	23	41868881	47202783	2458610	86613054	0.028386	0.058722	0.125943	0.115965	False	0.113007
HAP1_chr05	HAP3_chr03	11,13,15,17,19,23	23	41868881	44724948	2604084	83989745	0.031005	0.062196	0.122217	0.113753	False	0.107881
HAP1_chr05	HAP3_chr04	11,13,15,17,19,23	23	41868881	41082189	24296182	58654888	0.414223	0.591404	0.023252	0.022578	False	0.013119
HAP1_chr05	HAP3_chr05	11,13,15,17,19,23	23	41868881	37728269	3353084	76244066	0.043978	0.088875	0.107563	0.099892	False	0.089536
HAP1_chr05	HAP3_chr06	11,13,15,17,19,23	23	41868881	40073292	2999055	78943118	0.037990	0.074839	0.113677	0.106594	False	0.096055
HAP1_chr05	HAP3_chr07	11,13,15,17,19,23	23	41868881	33876111	3834060	71910932	0.053317	0.113179	0.099578	0.090381	False	0.078482
HAP1_chr05	HAP3_chr08	11,13,15,17,19,23	23	41868881	36015017	3361216	74522682	0.045103	0.093328	0.106512	0.097976	False	0.085755
HAP1_chr05	HAP3_chr09	11,13,15,17,19,23	23	41868881	34974758	2425234	74418405	0.032589	0.069342	0.120117	0.109552	False	0.102868
HAP1_chr05	HAP3_chr10	11,13,15,17,19,23	23	41868881	34414061	2333313	73949629	0.031553	0.067801	0.121479	0.110422	False	0.105233
HAP1_chr05	HAP3_chr11	11,13,15,17,19,23	23	41868881	29847782	1850719	69865944	0.026490	0.062005	0.128870	0.113871	False	0.110722
HAP1_chr05	HAP3_chr12	11,13,15,17,19,23	23	41868881	32433415	2128821	72173475	0.029496	0.065637	0.124323	0.111676	False	0.105900
HAP1_chr05	HAP3_chr13	11,13,15,17,19,23	23	41868881	29733458	1849059	69753280	0.026509	0.062188	0.128839	0.113758	False	0.110413
HAP1_chr05	HAP3_chr14	11,13,15,17,19,23	23	41868881	29012809	2073811	68807879	0.030139	0.071479	0.123412	0.108376	False	0.104164
HAP1_chr05	HAP3_chr15	11,13,15,17,19,23	23	41868881	27875899	1970930	67773850	0.029081	0.070704	0.124921	0.108799	False	0.105458
HAP1_chr05	HAP4_chr01	11,13,15,17,19,23	23	41868881	41241440	2476740	80633581	0.030716	0.060055	0.122612	0.115102	False	0.107992
HAP1_chr05	HAP4_chr02	11,13,15,17,19,23	23	41868881	38993514	2278473	78583922	0.028994	0.058432	0.125048	0.116155	False	0.110502
HAP1_chr05	HAP4_chr03	11,13,15,17,19,23	23	41868881	43331636	2691391	82509126	0.032619	0.064281	0.120078	0.112481	False	0.105660
HAP1_chr05	HAP4_chr04	11,13,15,17,19,23	23	41868881	36662643	21816829	56714695	0.384677	0.595070	0.025551	0.022316	False	0.014417
HAP1_chr05	HAP4_chr05	11,13,15,17,19,23	23	41868881	41047945	3807716	79109110	0.048132	0.092763	0.103811	0.098215	False	0.086088
HAP1_chr05	HAP4_chr06	11,13,15,17,19,23	23	41868881	36617732	2771218	75715395	0.036600	0.075680	0.115239	0.106160	False	0.096957
HAP1_chr05	HAP4_chr07	11,13,15,17,19,23	23	41868881	34782765	3751279	72900367	0.051458	0.107849	0.101045	0.092287	False	0.080416
HAP1_chr05	HAP4_chr08	11,13,15,17,19,23	23	41868881	34895954	3192304	73572531	0.043390	0.091481	0.108124	0.098760	False	0.087430
HAP1_chr05	HAP4_chr09	11,13,15,17,19,23	23	41868881	31553840	2245943	71176778	0.031554	0.071178	0.121477	0.108540	False	0.103165
HAP1_chr05	HAP4_chr10	11,13,15,17,19,23	23	41868881	31025022	2216536	70677367	0.031361	0.071443	0.121735	0.108395	False	0.103814
HAP1_chr05	HAP4_chr11	11,13,15,17,19,23	23	41868881	29508763	1971816	69405828	0.028410	0.066821	0.125908	0.110984	False	0.107674
HAP1_chr05	HAP4_chr12	11,13,15,17,19,23	23	41868881	29184285	1898737	69154429	0.027456	0.065060	0.127352	0.112016	False	0.107264
HAP1_chr05	HAP4_chr13	11,13,15,17,19,23	23	41868881	28038087	1746315	68160653	0.025621	0.062284	0.130283	0.113698	False	0.111091
HAP1_chr05	HAP4_chr14	11,13,15,17,19,23	23	41868881	26946496	2053065	66762312	0.030752	0.076190	0.122563	0.105898	False	0.102068
HAP1_chr05	HAP4_chr15	11,13,15,17,19,23	23	41868881	24564508	1879246	64554143	0.029111	0.076502	0.124877	0.105739	False	0.103520
HAP1_chr06	HAP1_chr07	11,13,15,17,19,23	23	40897342	38784975	3840998	75841319	0.050645	0.099033	0.101703	0.095646	False	0.080747
HAP1_chr06	HAP1_chr08	11,13,15,17,19,23	23	40897342	35686389	2023496	74560235	0.027139	0.056702	0.127844	0.117309	False	0.112786
HAP1_chr06	HAP1_chr09	11,13,15,17,19,23	23	40897342	36689167	2194941	75391568	0.029114	0.059825	0.124874	0.115249	False	0.108223
HAP1_chr06	HAP1_chr10	11,13,15,17,19,23	23	40897342	34623482	3697737	71823087	0.051484	0.106799	0.101023	0.092673	False	0.080548
HAP1_chr06	HAP1_chr11	11,13,15,17,19,23	23	40897342	31191926	1891833	70197435	0.026950	0.060651	0.128140	0.114721	False	0.111245
HAP1_chr06	HAP1_chr12	11,13,15,17,19,23	23	40897342	32093411	1758584	71232169	0.024688	0.054796	0.131856	0.118621	False	0.114292
HAP1_chr06	HAP1_chr13	11,13,15,17,19,23	23	40897342	30993295	1755005	70135632	0.025023	0.056625	0.131284	0.117361	False	0.113530
HAP1_chr06	HAP1_chr14	11,13,15,17,19,23	23	40897342	28527320	1841664	67582998	0.027250	0.064558	0.127671	0.112315	False	0.109212
HAP1_chr06	HAP1_chr15	11,13,15,17,19,23	23	40897342	27358252	1681718	66573876	0.025261	0.061470	0.130882	0.114205	False	0.111917
HAP1_chr06	HAP2_chr01	11,13,15,17,19,23	23	40897342	48726428	2379854	87243916	0.027278	0.058191	0.127628	0.116314	False	0.114705
HAP1_chr06	HAP2_chr02	11,13,15,17,19,23	23	40897342	47240339	2317075	85820606	0.026999	0.056656	0.128063	0.117340	False	0.115560
HAP1_chr06	HAP2_chr03	11,13,15,17,19,23	23	40897342	47366046	2414026	85849362	0.028119	0.059026	0.126343	0.115766	False	0.113343
HAP1_chr06	HAP2_chr04	11,13,15,17,19,23	23	40897342	37366764	3542932	74721174	0.047415	0.094815	0.104434	0.097356	False	0.085318
HAP1_chr06	HAP2_chr05	11,13,15,17,19,23	23	40897342	39538026	23897769	56537599	0.422688	0.604425	0.022631	0.021652	False	0.012582
HAP1_chr06	HAP2_chr06	11,13,15,17,19,23	23	40897342	35047506	3363526	72581322	0.046341	0.095970	0.105386	0.096881	False	0.083697
HAP1_chr06	HAP2_chr07	11,13,15,17,19,23	23	40897342	34737215	1865824	73768733	0.025293	0.053713	0.130829	0.119385	False	0.115179
HAP1_chr06	HAP2_chr08	11,13,15,17,19,23	23	40897342	34383664	2157867	73123139	0.029510	0.062758	0.124303	0.113406	False	0.106983
HAP1_chr06	HAP2_chr09	11,13,15,17,19,23	23	40897342	26492289	1870162	65519469	0.028544	0.070593	0.125710	0.108860	False	0.105732
HAP1_chr06	HAP2_chr10	11,13,15,17,19,23	23	40897342	34454945	3686791	71665496	0.051444	0.107003	0.101055	0.092598	False	0.080455
HAP1_chr06	HAP2_chr11	11,13,15,17,19,23	23	40897342	25845315	1675236	65067421	0.025746	0.064818	0.130076	0.112160	False	0.110502
HAP1_chr06	HAP2_chr12	11,13,15,17,19,23	23	40897342	32272788	1786304	71383826	0.025024	0.055350	0.131282	0.118235	False	0.113524
HAP1_chr06	HAP2_chr13	11,13,15,17,19,23	23	40897342	30726569	1768591	69855320	0.025318	0.057559	0.130787	0.116733	False	0.113022
HAP1_chr06	HAP2_chr14	11,13,15,17,19,23	23	40897342	29913583	1847488	68963437	0.026789	0.061761	0.128393	0.114023	False	0.110493
HAP1_chr06	HAP2_chr15	11,13,15,17,19,23	23	40897342	28531402	1746225	67682519	0.025800	0.061204	0.129987	0.114372	False	0.111820
HAP1_chr06	HAP3_chr01	11,13,15,17,19,23	23	40897342	48274836	2404378	86767800	0.027710	0.058791	0.126962	0.115920	False	0.114051
HAP1_chr06	HAP3_chr02	11,13,15,17,19,23	23	40897342	47202783	2316327	85783798	0.027002	0.056638	0.128058	0.117353	False	0.115345
HAP1_chr06	HAP3_chr03	11,13,15,17,19,23	23	40897342	44724948	2265607	83356683	0.027180	0.055397	0.127781	0.118202	False	0.114217
HAP1_chr06	HAP3_chr04	11,13,15,17,19,23	23	40897342	41082189	3707305	78272226	0.047364	0.090649	0.104479	0.099118	False	0.086440
HAP1_chr06	HAP3_chr05	11,13,15,17,19,23	23	40897342	37728269	23181007	55444604	0.418093	0.614420	0.022966	0.020955	False	0.012818
HAP1_chr06	HAP3_chr06	11,13,15,17,19,23	23	40897342	40073292	3931188	77039446	0.051028	0.098100	0.101391	0.096019	False	0.080736
HAP1_chr06	HAP3_chr07	11,13,15,17,19,23	23	40897342	33876111	1989199	72784254	0.027330	0.058720	0.127547	0.115966	False	0.112218
HAP1_chr06	HAP3_chr08	11,13,15,17,19,23	23	40897342	36015017	2173106	74739253	0.029076	0.060339	0.124929	0.114920	False	0.108081
HAP1_chr06	HAP3_chr09	11,13,15,17,19,23	23	40897342	34974758	2099898	73772202	0.028465	0.060040	0.125827	0.115111	False	0.109522
HAP1_chr06	HAP3_chr10	11,13,15,17,19,23	23	40897342	34414061	3697519	71613884	0.051631	0.107442	0.100905	0.092436	False	0.080286
HAP1_chr06	HAP3_chr11	11,13,15,17,19,23	23	40897342	29847782	1765659	68979465	0.025597	0.059155	0.130322	0.115682	False	0.112516
HAP1_chr06	HAP3_chr12	11,13,15,17,19,23	23	40897342	32433415	1785835	71544922	0.024961	0.055062	0.131389	0.118435	False	0.113969
HAP1_chr06	HAP3_chr13	11,13,15,17,19,23	23	40897342	29733458	1796480	68834320	0.026099	0.060419	0.129500	0.114869	False	0.111630
HAP1_chr06	HAP3_chr14	11,13,15,17,19,23	23	40897342	29012809	1806675	68103476	0.026528	0.062272	0.128808	0.113706	False	0.110463
HAP1_chr06	HAP3_chr15	11,13,15,17,19,23	23	40897342	27875899	1704433	67068808	0.025413	0.061144	0.130628	0.114410	False	0.111965
HAP1_chr06	HAP4_chr01	11,13,15,17,19,23	23	40897342	41241440	2165803	79972979	0.027082	0.052957	0.127934	0.119928	False	0.114085
HAP1_chr06	HAP4_chr02	11,13,15,17,19,23	23	40897342	38993514	2220155	77670701	0.028584	0.056937	0.125649	0.117151	False	0.111650
HAP1_chr06	HAP4_chr03	11,13,15,17,19,23	23	40897342	43331636	2311811	81917167	0.028221	0.056527	0.126190	0.117428	False	0.112505
HAP1_chr06	HAP4_chr04	11,13,15,17,19,23	23	40897342	36662643	3033602	74526383	0.040705	0.082744	0.110789	0.102685	False	0.092549
HAP1_chr06	HAP4_chr05	11,13,15,17,19,23	23	40897342	41047945	25224414	56720873	0.444711	0.616774	0.021091	0.020792	False	0.011665
HAP1_chr06	HAP4_chr06	11,13,15,17,19,23	23	40897342	36617732	3644065	73871009	0.049330	0.099516	0.102792	0.095455	False	0.081395
HAP1_chr06	HAP4_chr07	11,13,15,17,19,23	23	40897342	34782765	1961178	73718929	0.026603	0.056384	0.128688	0.117525	False	0.113305
HAP1_chr06	HAP4_chr08	11,13,15,17,19,23	23	40897342	34895954	2245860	73547436	0.030536	0.064359	0.122860	0.112435	False	0.105924
HAP1_chr06	HAP4_chr09	11,13,15,17,19,23	23	40897342	31553840	1928773	70522409	0.027350	0.061126	0.127517	0.114421	False	0.110150
HAP1_chr06	HAP4_chr10	11,13,15,17,19,23	23	40897342	31025022	3222910	68699454	0.046913	0.103881	0.104876	0.093765	False	0.083377
HAP1_chr06	HAP4_chr11	11,13,15,17,19,23	23	40897342	29508763	1880628	68525477	0.027444	0.063731	0.127371	0.112813	False	0.109601
HAP1_chr06	HAP4_chr12	11,13,15,17,19,23	23	40897342	29184285	1654405	68427222	0.024178	0.056688	0.132742	0.117318	False	0.113933
HAP1_chr06	HAP4_chr13	11,13,15,17,19,23	23	40897342	28038087	1677100	67258329	0.024935	0.059815	0.131433	0.115256	False	0.112610
HAP1_chr06	HAP4_chr14	11,13,15,17,19,23	23	40897342	26946496	1756532	66087306	0.026579	0.065186	0.128727	0.111942	False	0.109054
HAP1_chr06	HAP4_chr15	11,13,15,17,19,23	23	40897342	24564508	1629543	63832307	0.025528	0.066337	0.130436	0.111265	False	0.110031
HAP1_chr07	HAP1_chr08	11,13,15,17,19,23	23	38784975	35686389	2079312	72392052	0.028723	0.058266	0.125445	0.116264	False	0.108861
HAP1_chr07	HAP1_chr09	11,13,15,17,19,23	23	38784975	36689167	2147170	73326972	0.029282	0.058523	0.124630	0.116095	False	0.108010
HAP1_chr07	HAP1_chr10	11,13,15,17,19,23	23	38784975	34623482	3149759	70258698	0.044831	0.090972	0.106764	0.098979	False	0.085285
HAP1_chr07	HAP1_chr11	11,13,15,17,19,23	23	38784975	31191926	1852128	68124773	0.027187	0.059378	0.127769	0.115537	False	0.109783
HAP1_chr07	HAP1_chr12	11,13,15,17,19,23	23	38784975	32093411	1902167	68976219	0.027577	0.059270	0.127166	0.115608	False	0.108330
HAP1_chr07	HAP1_chr13	11,13,15,17,19,23	23	38784975	30993295	1782720	67995550	0.026218	0.057520	0.129306	0.116760	False	0.110886
HAP1_chr07	HAP1_chr14	11,13,15,17,19,23	23	38784975	28527320	1928520	65383775	0.029495	0.067603	0.124324	0.110535	False	0.104424
HAP1_chr07	HAP1_chr15	11,13,15,17,19,23	23	38784975	27358252	1807929	64335298	0.028102	0.066083	0.126369	0.111414	False	0.106068
HAP1_chr07	HAP2_chr01	11,13,15,17,19,23	23	38784975	48726428	2575744	84935659	0.030326	0.066411	0.123151	0.111223	False	0.108737
HAP1_chr07	HAP2_chr02	11,13,15,17,19,23	23	38784975	47240339	2278586	83746728	0.027208	0.058749	0.127736	0.115947	False	0.114089
HAP1_chr07	HAP2_chr03	11,13,15,17,19,23	23	38784975	47366046	2579826	83571195	0.030870	0.066516	0.122401	0.111161	False	0.108054
HAP1_chr07	HAP2_chr04	11,13,15,17,19,23	23	38784975	37366764	2777902	73373837	0.037860	0.074342	0.113821	0.106853	False	0.094634
HAP1_chr07	HAP2_chr05	11,13,15,17,19,23	23	38784975	39538026	3854414	74468587	0.051759	0.099379	0.100803	0.095509	False	0.079671
HAP1_chr07	HAP2_chr06	11,13,15,17,19,23	23	38784975	35047506	20773499	53058982	0.391517	0.592724	0.024999	0.022484	False	0.013671
HAP1_chr07	HAP2_chr07	11,13,15,17,19,23	23	38784975	34737215	1917084	71605106	0.026773	0.055188	0.128419	0.118347	False	0.111311
HAP1_chr07	HAP2_chr08	11,13,15,17,19,23	23	38784975	34383664	2078583	71090056	0.029239	0.060453	0.124693	0.114848	False	0.107481
HAP1_chr07	HAP2_chr09	11,13,15,17,19,23	23	38784975	26492289	2035309	63241955	0.032183	0.076826	0.120646	0.105575	False	0.099038
HAP1_chr07	HAP2_chr10	11,13,15,17,19,23	23	38784975	34454945	3148795	70091125	0.044924	0.091389	0.106677	0.098799	False	0.085138
HAP1_chr07	HAP2_chr11	11,13,15,17,19,23	23	38784975	25845315	1609513	63020777	0.025539	0.062275	0.130418	0.113704	False	0.109643
HAP1_chr07	HAP2_chr12	11,13,15,17,19,23	23	38784975	32272788	1930844	69126919	0.027932	0.059829	0.126626	0.115247	False	0.107611
HAP1_chr07	HAP2_chr13	11,13,15,17,19,23	23	38784975	30726569	1722618	67788926	0.025411	0.056063	0.130630	0.117744	False	0.111985
HAP1_chr07	HAP2_chr14	11,13,15,17,19,23	23	38784975	29913583	1963726	66734832	0.029426	0.065647	0.124423	0.111670	False	0.105091
HAP1_chr07	HAP2_chr15	11,13,15,17,19,23	23	38784975	28531402	1858013	65458364	0.028385	0.065122	0.125946	0.111980	False	0.106351
HAP1_chr07	HAP3_chr01	11,13,15,17,19,23	23	38784975	48274836	2577139	84482672	0.030505	0.066447	0.122903	0.111202	False	0.108270
HAP1_chr07	HAP3_chr02	11,13,15,17,19,23	23	38784975	47202783	2235832	83751926	0.026696	0.057647	0.128541	0.116675	False	0.114650
HAP1_chr07	HAP3_chr03	11,13,15,17,19,23	23	38784975	44724948	2407781	81102142	0.029688	0.062080	0.124048	0.113825	False	0.109054
HAP1_chr07	HAP3_chr04	11,13,15,17,19,23	23	38784975	41082189	2859075	77008089	0.037127	0.073716	0.114640	0.107181	False	0.096680
HAP1_chr07	HAP3_chr05	11,13,15,17,19,23	23	38784975	37728269	3720361	72792883	0.051109	0.098609	0.101326	0.095815	False	0.079816
HAP1_chr07	HAP3_chr06	11,13,15,17,19,23	23	38784975	40073292	24524715	54333552	0.451373	0.632325	0.020645	0.019731	False	0.011107
HAP1_chr07	HAP3_chr07	11,13,15,17,19,23	23	38784975	33876111	2029134	70631952	0.028728	0.059899	0.125437	0.115202	False	0.108426
HAP1_chr07	HAP3_chr08	11,13,15,17,19,23	23	38784975	36015017	2084252	72715740	0.028663	0.057872	0.125533	0.116525	False	0.108604
HAP1_chr07	HAP3_chr09	11,13,15,17,19,23	23	38784975	34974758	2286228	71473505	0.031987	0.065368	0.120903	0.111834	False	0.103036
HAP1_chr07	HAP3_chr10	11,13,15,17,19,23	23	38784975	34414061	3179164	70019872	0.045404	0.092380	0.106236	0.098377	False	0.084719
HAP1_chr07	HAP3_chr11	11,13,15,17,19,23	23	38784975	29847782	1746709	66886048	0.026115	0.058521	0.129473	0.116097	False	0.110805
HAP1_chr07	HAP3_chr12	11,13,15,17,19,23	23	38784975	32433415	1929125	69289265	0.027842	0.059480	0.126762	0.115472	False	0.107938
HAP1_chr07	HAP3_chr13	11,13,15,17,19,23	23	38784975	29733458	1747355	66771078	0.026169	0.058767	0.129385	0.115935	False	0.110509
HAP1_chr07	HAP3_chr14	11,13,15,17,19,23	23	38784975	29012809	1900916	65896868	0.028847	0.065520	0.125263	0.111744	False	0.105460
HAP1_chr07	HAP3_chr15	11,13,15,17,19,23	23	38784975	27875899	1809596	64851278	0.027904	0.064916	0.126668	0.112102	False	0.106588
HAP1_chr07	HAP4_chr01	11,13,15,17,19,23	23	38784975	41241440	2324535	77701880	0.029916	0.059934	0.123726	0.115179	False	0.108176
HAP1_chr07	HAP4_chr02	11,13,15,17,19,23	23	38784975	38993514	2127919	75650570	0.028128	0.054865	0.126329	0.118573	False	0.111042
HAP1_chr07	HAP4_chr03	11,13,15,17,19,23	23	38784975	43331636	2454018	79662593	0.030805	0.063272	0.122490	0.113091	False	0.107361
HAP1_chr07	HAP4_chr04	11,13,15,17,19,23	23	38784975	36662643	2586294	72861324	0.035496	0.070543	0.116525	0.108887	False	0.097598
HAP1_chr07	HAP4_chr05	11,13,15,17,19,23	23	38784975	41047945	3905015	75927905	0.051431	0.100684	0.101066	0.094996	False	0.080285
HAP1_chr07	HAP4_chr06	11,13,15,17,19,23	23	38784975	36617732	22515141	52887566	0.425717	0.614870	0.022413	0.020923	False	0.012121
HAP1_chr07	HAP4_chr07	11,13,15,17,19,23	23	38784975	34782765	1977953	71589787	0.027629	0.056866	0.127087	0.117198	False	0.110225
HAP1_chr07	HAP4_chr08	11,13,15,17,19,23	23	38784975	34895954	2093120	71587809	0.029238	0.059982	0.124693	0.115148	False	0.107397
HAP1_chr07	HAP4_chr09	11,13,15,17,19,23	23	38784975	31553840	2115957	68222858	0.031015	0.067059	0.122203	0.110847	False	0.103201
HAP1_chr07	HAP4_chr10	11,13,15,17,19,23	23	38784975	31025022	2821390	66988607	0.042117	0.090939	0.109365	0.098993	False	0.087054
HAP1_chr07	HAP4_chr11	11,13,15,17,19,23	23	38784975	29508763	1849616	66444122	0.027837	0.062680	0.126769	0.113454	False	0.108083
HAP1_chr07	HAP4_chr12	11,13,15,17,19,23	23	38784975	29184285	1774413	66194847	0.026806	0.060800	0.128367	0.114627	False	0.108187
HAP1_chr07	HAP4_chr13	11,13,15,17,19,23	23	38784975	28038087	1664211	65158851	0.025541	0.059355	0.130415	0.115552	False	0.110772
HAP1_chr07	HAP4_chr14	11,13,15,17,19,23	23	38784975	26946496	1879454	63852017	0.029435	0.069748	0.124411	0.109326	False	0.103480
HAP1_chr07	HAP4_chr15	11,13,15,17,19,23	23	38784975	24564508	1753180	61596303	0.028462	0.071370	0.125830	0.108435	False	0.104052
HAP1_chr08	HAP1_chr09	11,13,15,17,19,23	23	35686389	36689167	3415221	68960335	0.049524	0.095701	0.102630	0.096991	False	0.079941
HAP1_chr08	HAP1_chr10	11,13,15,17,19,23	23	35686389	34623482	2726884	67582987	0.040349	0.078758	0.111157	0.104609	False	0.090976
HAP1_chr08	HAP1_chr11	11,13,15,17,19,23	23	35686389	31191926	1849085	65029230	0.028435	0.059281	0.125871	0.115601	False	0.107494
HAP1_chr08	HAP1_chr12	11,13,15,17,19,23	23	35686389	32093411	1781388	65998412	0.026991	0.055506	0.128075	0.118127	False	0.108488
HAP1_chr08	HAP1_chr13	11,13,15,17,19,23	23	35686389	30993295	1727957	64951727	0.026604	0.055753	0.128688	0.117957	False	0.110036
HAP1_chr08	HAP1_chr14	11,13,15,17,19,23	23	35686389	28527320	1725731	62487978	0.027617	0.060494	0.127105	0.114821	False	0.107130
HAP1_chr08	HAP1_chr15	11,13,15,17,19,23	23	35686389	27358252	1641437	61403204	0.026732	0.059998	0.128484	0.115138	False	0.108318
HAP1_chr08	HAP2_chr01	11,13,15,17,19,23	23	35686389	48726428	2279092	82133725	0.027749	0.063864	0.126904	0.112732	False	0.112510
HAP1_chr08	HAP2_chr02	11,13,15,17,19,23	23	35686389	47240339	2231486	80695242	0.027653	0.062530	0.127050	0.113546	False	0.112883
HAP1_chr08	HAP2_chr03	11,13,15,17,19,23	23	35686389	47366046	2303838	80748597	0.028531	0.064558	0.125728	0.112315	False	0.111196
HAP1_chr08	HAP2_chr04	11,13,15,17,19,23	23	35686389	37366764	3325068	69728085	0.047686	0.093175	0.104198	0.098041	False	0.083482
HAP1_chr08	HAP2_chr05	11,13,15,17,19,23	23	35686389	39538026	2011020	73213395	0.027468	0.056353	0.127334	0.117546	False	0.112148
HAP1_chr08	HAP2_chr06	11,13,15,17,19,23	23	35686389	35047506	2009959	68723936	0.029247	0.057350	0.124681	0.116873	False	0.106691
HAP1_chr08	HAP2_chr07	11,13,15,17,19,23	23	35686389	34737215	20608139	49815465	0.413690	0.593258	0.023291	0.022445	False	0.012187
HAP1_chr08	HAP2_chr08	11,13,15,17,19,23	23	35686389	34383664	3210389	66859664	0.048017	0.093370	0.103911	0.097959	False	0.080839
HAP1_chr08	HAP2_chr09	11,13,15,17,19,23	23	35686389	26492289	1906245	60272433	0.031627	0.071955	0.121380	0.108119	False	0.100325
HAP1_chr08	HAP2_chr10	11,13,15,17,19,23	23	35686389	34454945	2712924	67428410	0.040234	0.078738	0.111276	0.104619	False	0.091155
HAP1_chr08	HAP2_chr11	11,13,15,17,19,23	23	35686389	25845315	1614659	59917045	0.026948	0.062474	0.128143	0.113581	False	0.107311
HAP1_chr08	HAP2_chr12	11,13,15,17,19,23	23	35686389	32272788	1804308	66154869	0.027274	0.055908	0.127634	0.117850	False	0.107936
HAP1_chr08	HAP2_chr13	11,13,15,17,19,23	23	35686389	30726569	1676353	64736605	0.025895	0.054557	0.129831	0.118788	False	0.110899
HAP1_chr08	HAP2_chr14	11,13,15,17,19,23	23	35686389	29913583	1770618	63829354	0.027740	0.059191	0.126917	0.115659	False	0.107752
HAP1_chr08	HAP2_chr15	11,13,15,17,19,23	23	35686389	28531402	1670154	62547637	0.026702	0.058537	0.128531	0.116086	False	0.108919
HAP1_chr08	HAP3_chr01	11,13,15,17,19,23	23	35686389	48274836	2288162	81673063	0.028016	0.064119	0.126498	0.112579	False	0.111843
HAP1_chr08	HAP3_chr02	11,13,15,17,19,23	23	35686389	47202783	2251233	80637939	0.027918	0.063084	0.126647	0.113206	False	0.112341
HAP1_chr08	HAP3_chr03	11,13,15,17,19,23	23	35686389	44724948	2157165	78254172	0.027566	0.060448	0.127183	0.114851	False	0.112083
HAP1_chr08	HAP3_chr04	11,13,15,17,19,23	23	35686389	41082189	3731396	73037182	0.051089	0.104561	0.101342	0.093508	False	0.081018
HAP1_chr08	HAP3_chr05	11,13,15,17,19,23	23	35686389	37728269	1956693	71457965	0.027382	0.054830	0.127466	0.118596	False	0.111773
HAP1_chr08	HAP3_chr06	11,13,15,17,19,23	23	35686389	40073292	2140659	73619022	0.029078	0.059985	0.124926	0.115146	False	0.108679
HAP1_chr08	HAP3_chr07	11,13,15,17,19,23	23	35686389	33876111	20901061	48661439	0.429520	0.616985	0.022143	0.020777	False	0.011463
HAP1_chr08	HAP3_chr08	11,13,15,17,19,23	23	35686389	36015017	3352714	68348692	0.049053	0.093949	0.103026	0.097716	False	0.080164
HAP1_chr08	HAP3_chr09	11,13,15,17,19,23	23	35686389	34974758	2061742	68599405	0.030055	0.058949	0.123530	0.115816	False	0.105870
HAP1_chr08	HAP3_chr10	11,13,15,17,19,23	23	35686389	34414061	2689760	67410690	0.039901	0.078159	0.111623	0.104906	False	0.091404
HAP1_chr08	HAP3_chr11	11,13,15,17,19,23	23	35686389	29847782	1722725	63811446	0.026997	0.057717	0.128066	0.116628	False	0.109087
HAP1_chr08	HAP3_chr12	11,13,15,17,19,23	23	35686389	32433415	1840378	66279426	0.027767	0.056743	0.126876	0.117281	False	0.107566
HAP1_chr08	HAP3_chr13	11,13,15,17,19,23	23	35686389	29733458	1692566	63727281	0.026560	0.056925	0.128758	0.117159	False	0.109596
HAP1_chr08	HAP3_chr14	11,13,15,17,19,23	23	35686389	29012809	1728465	62970733	0.027449	0.059576	0.127364	0.115410	False	0.107646
HAP1_chr08	HAP3_chr15	11,13,15,17,19,23	23	35686389	27875899	1644660	61917628	0.026562	0.058999	0.128754	0.115784	False	0.108987
HAP1_chr08	HAP4_chr01	11,13,15,17,19,23	23	35686389	41241440	2096213	74831616	0.028012	0.058740	0.126504	0.115953	False	0.111143
HAP1_chr08	HAP4_chr02	11,13,15,17,19,23	23	35686389	38993514	2118046	72561857	0.029190	0.059352	0.124764	0.115555	False	0.109102
HAP1_chr08	HAP4_chr03	11,13,15,17,19,23	23	35686389	43331636	2229529	76788496	0.029035	0.062476	0.124989	0.113580	False	0.109844
HAP1_chr08	HAP4_chr04	11,13,15,17,19,23	23	35686389	36662643	3674905	68674127	0.053512	0.102978	0.099427	0.094109	False	0.077744
HAP1_chr08	HAP4_chr05	11,13,15,17,19,23	23	35686389	41047945	2072208	74662126	0.027754	0.058067	0.126895	0.116396	False	0.111994
HAP1_chr08	HAP4_chr06	11,13,15,17,19,23	23	35686389	36617732	2020555	70283566	0.028749	0.056620	0.125407	0.117365	False	0.108396
HAP1_chr08	HAP4_chr07	11,13,15,17,19,23	23	35686389	34782765	21465282	49003872	0.438032	0.617124	0.021547	0.020768	False	0.011161
HAP1_chr08	HAP4_chr08	11,13,15,17,19,23	23	35686389	34895954	3205015	67377328	0.047568	0.091845	0.104301	0.098604	False	0.081408
HAP1_chr08	HAP4_chr09	11,13,15,17,19,23	23	35686389	31553840	1915558	65324671	0.029324	0.060708	0.124570	0.114686	False	0.105922
HAP1_chr08	HAP4_chr10	11,13,15,17,19,23	23	35686389	31025022	2600239	64111172	0.040558	0.083811	0.110940	0.102185	False	0.089172
HAP1_chr08	HAP4_chr11	11,13,15,17,19,23	23	35686389	29508763	1800725	63394427	0.028405	0.061023	0.125915	0.114486	False	0.106727
HAP1_chr08	HAP4_chr12	11,13,15,17,19,23	23	35686389	29184285	1708253	63162421	0.027045	0.058533	0.127990	0.116088	False	0.107378
HAP1_chr08	HAP4_chr13	11,13,15,17,19,23	23	35686389	28038087	1609977	62114499	0.025920	0.057421	0.129791	0.116825	False	0.109861
HAP1_chr08	HAP4_chr14	11,13,15,17,19,23	23	35686389	26946496	1703561	60929324	0.027960	0.063220	0.126584	0.113123	False	0.105819
HAP1_chr08	HAP4_chr15	11,13,15,17,19,23	23	35686389	24564508	1549853	58701044	0.026402	0.063093	0.129009	0.113201	False	0.107216
HAP1_chr09	HAP1_chr10	11,13,15,17,19,23	23	36689167	34623482	2562898	68749751	0.037279	0.074022	0.114469	0.107020	False	0.094634
HAP1_chr09	HAP1_chr11	11,13,15,17,19,23	23	36689167	31191926	1790660	66090433	0.027094	0.057408	0.127914	0.116834	False	0.109674
HAP1_chr09	HAP1_chr12	11,13,15,17,19,23	23	36689167	32093411	1788460	66994118	0.026696	0.055727	0.128541	0.117975	False	0.109162
HAP1_chr09	HAP1_chr13	11,13,15,17,19,23	23	36689167	30993295	1697616	65984846	0.025727	0.054774	0.130107	0.118636	False	0.111320
HAP1_chr09	HAP1_chr14	11,13,15,17,19,23	23	36689167	28527320	1856493	63359994	0.029301	0.065078	0.124603	0.112006	False	0.104393
HAP1_chr09	HAP1_chr15	11,13,15,17,19,23	23	36689167	27358252	1740014	62307405	0.027926	0.063601	0.126634	0.112892	False	0.105927
HAP1_chr09	HAP2_chr01	11,13,15,17,19,23	23	36689167	48726428	2468959	82946636	0.029766	0.067294	0.123938	0.110712	False	0.108980
HAP1_chr09	HAP2_chr02	11,13,15,17,19,23	23	36689167	47240339	2187789	81741717	0.026765	0.059630	0.128432	0.115374	False	0.114075
HAP1_chr09	HAP2_chr03	11,13,15,17,19,23	23	36689167	47366046	2481886	81573327	0.030425	0.067646	0.123013	0.110510	False	0.107967
HAP1_chr09	HAP2_chr04	11,13,15,17,19,23	23	36689167	37366764	2976389	71079542	0.041874	0.081124	0.109607	0.103456	False	0.088809
HAP1_chr09	HAP2_chr05	11,13,15,17,19,23	23	36689167	39538026	2161762	74065431	0.029187	0.058921	0.124767	0.115835	False	0.108477
HAP1_chr09	HAP2_chr06	11,13,15,17,19,23	23	36689167	35047506	2082092	69654581	0.029892	0.059408	0.123760	0.115518	False	0.105888
HAP1_chr09	HAP2_chr07	11,13,15,17,19,23	23	36689167	34737215	3359692	68066690	0.049359	0.096717	0.102768	0.096576	False	0.079648
HAP1_chr09	HAP2_chr08	11,13,15,17,19,23	23	36689167	34383664	20645469	50427362	0.409410	0.600444	0.023611	0.021934	False	0.012395
HAP1_chr09	HAP2_chr09	11,13,15,17,19,23	23	36689167	26492289	2010757	61170699	0.032871	0.075900	0.119754	0.106047	False	0.097768
HAP1_chr09	HAP2_chr10	11,13,15,17,19,23	23	36689167	34454945	2517734	68626378	0.036688	0.073073	0.115139	0.107521	False	0.095235
HAP1_chr09	HAP2_chr11	11,13,15,17,19,23	23	36689167	25845315	1583996	60950486	0.025988	0.061288	0.129679	0.114320	False	0.108760
HAP1_chr09	HAP2_chr12	11,13,15,17,19,23	23	36689167	32272788	1842367	67119588	0.027449	0.057087	0.127363	0.117049	False	0.107910
HAP1_chr09	HAP2_chr13	11,13,15,17,19,23	23	36689167	30726569	1644749	65770987	0.025007	0.053529	0.131311	0.119517	False	0.112213
HAP1_chr09	HAP2_chr14	11,13,15,17,19,23	23	36689167	29913583	1877042	64725708	0.029000	0.062749	0.125039	0.113412	False	0.105479
HAP1_chr09	HAP2_chr15	11,13,15,17,19,23	23	36689167	28531402	1775575	63444994	0.027986	0.062232	0.126544	0.113730	False	0.106468
HAP1_chr09	HAP3_chr01	11,13,15,17,19,23	23	36689167	48274836	2460669	82503334	0.029825	0.067068	0.123854	0.110842	False	0.108589
HAP1_chr09	HAP3_chr02	11,13,15,17,19,23	23	36689167	47202783	2172268	81719682	0.026582	0.059207	0.128722	0.115648	False	0.114241
HAP1_chr09	HAP3_chr03	11,13,15,17,19,23	23	36689167	44724948	2358007	79056108	0.029827	0.064270	0.123852	0.112488	False	0.108371
HAP1_chr09	HAP3_chr04	11,13,15,17,19,23	23	36689167	41082189	3365694	74405662	0.045234	0.091735	0.106391	0.098651	False	0.086004
HAP1_chr09	HAP3_chr05	11,13,15,17,19,23	23	36689167	37728269	2119127	72298309	0.029311	0.057759	0.124589	0.116600	False	0.107819
HAP1_chr09	HAP3_chr06	11,13,15,17,19,23	23	36689167	40073292	2199653	74562806	0.029501	0.059954	0.124316	0.115166	False	0.107962
HAP1_chr09	HAP3_chr07	11,13,15,17,19,23	23	36689167	33876111	3270316	67294962	0.048597	0.096538	0.103413	0.096649	False	0.080620
HAP1_chr09	HAP3_chr08	11,13,15,17,19,23	23	36689167	36015017	23229578	49474606	0.469525	0.644997	0.019471	0.018885	False	0.009935
HAP1_chr09	HAP3_chr09	11,13,15,17,19,23	23	36689167	34974758	2222142	69441783	0.032000	0.063536	0.120886	0.112931	False	0.102518
HAP1_chr09	HAP3_chr10	11,13,15,17,19,23	23	36689167	34414061	2515173	68588055	0.036671	0.073086	0.115158	0.107514	False	0.095299
HAP1_chr09	HAP3_chr11	11,13,15,17,19,23	23	36689167	29847782	1670854	64866095	0.025759	0.055979	0.130055	0.117801	False	0.110973
HAP1_chr09	HAP3_chr12	11,13,15,17,19,23	23	36689167	32433415	1838263	67284319	0.027321	0.056678	0.127561	0.117325	False	0.108293
HAP1_chr09	HAP3_chr13	11,13,15,17,19,23	23	36689167	29733458	1669470	64753155	0.025782	0.056148	0.130017	0.117686	False	0.110700
HAP1_chr09	HAP3_chr14	11,13,15,17,19,23	23	36689167	29012809	1815225	63886751	0.028413	0.062566	0.125903	0.113524	False	0.105721
HAP1_chr09	HAP3_chr15	11,13,15,17,19,23	23	36689167	27875899	1721420	62843646	0.027392	0.061753	0.127451	0.114028	False	0.107041
HAP1_chr09	HAP4_chr01	11,13,15,17,19,23	23	36689167	41241440	2234177	75696430	0.029515	0.060895	0.124296	0.114567	False	0.108270
HAP1_chr09	HAP4_chr02	11,13,15,17,19,23	23	36689167	38993514	2104934	73577747	0.028608	0.057372	0.125614	0.116858	False	0.110006
HAP1_chr09	HAP4_chr03	11,13,15,17,19,23	23	36689167	43331636	2407687	77613116	0.031022	0.065624	0.122194	0.111683	False	0.106461
HAP1_chr09	HAP4_chr04	11,13,15,17,19,23	23	36689167	36662643	3127907	70223903	0.044542	0.085316	0.107033	0.101490	False	0.085793
HAP1_chr09	HAP4_chr05	11,13,15,17,19,23	23	36689167	41047945	2281929	75455183	0.030242	0.062196	0.123268	0.113753	False	0.106905
HAP1_chr09	HAP4_chr06	11,13,15,17,19,23	23	36689167	36617732	2076737	71230162	0.029155	0.056714	0.124813	0.117301	False	0.107830
HAP1_chr09	HAP4_chr07	11,13,15,17,19,23	23	36689167	34782765	3420733	68051199	0.050267	0.098346	0.102013	0.095920	False	0.079001
HAP1_chr09	HAP4_chr08	11,13,15,17,19,23	23	36689167	34895954	21706721	49878400	0.435193	0.622041	0.021744	0.020430	False	0.011259
HAP1_chr09	HAP4_chr09	11,13,15,17,19,23	23	36689167	31553840	2048855	66194152	0.030952	0.064932	0.122289	0.112092	False	0.102956
HAP1_chr09	HAP4_chr10	11,13,15,17,19,23	23	36689167	31025022	2421509	65292680	0.037087	0.078050	0.114685	0.104960	False	0.093215
HAP1_chr09	HAP4_chr11	11,13,15,17,19,23	23	36689167	29508763	1772571	64425359	0.027514	0.060069	0.127264	0.115092	False	0.108211
HAP1_chr09	HAP4_chr12	11,13,15,17,19,23	23	36689167	29184285	1676376	64197076	0.026113	0.057441	0.129476	0.116812	False	0.109040
HAP1_chr09	HAP4_chr13	11,13,15,17,19,23	23	36689167	28038087	1556226	63171028	0.024635	0.055504	0.131947	0.118128	False	0.111867
HAP1_chr09	HAP4_chr14	11,13,15,17,19,23	23	36689167	26946496	1798823	61836840	0.029090	0.066755	0.124908	0.111023	False	0.103633
HAP1_chr09	HAP4_chr15	11,13,15,17,19,23	23	36689167	24564508	1682192	59571483	0.028238	0.068481	0.126164	0.110036	False	0.104161
HAP1_chr10	HAP1_chr11	11,13,15,17,19,23	23	34623482	31191926	1772424	64042984	0.027676	0.056823	0.127016	0.117227	False	0.108002
HAP1_chr10	HAP1_chr12	11,13,15,17,19,23	23	34623482	32093411	1794785	64922108	0.027645	0.055924	0.127062	0.117839	False	0.107270
HAP1_chr10	HAP1_chr13	11,13,15,17,19,23	23	34623482	30993295	1708413	63908364	0.026732	0.055122	0.128483	0.118393	False	0.109232
HAP1_chr10	HAP1_chr14	11,13,15,17,19,23	23	34623482	28527320	1898397	61252405	0.030993	0.066547	0.122233	0.111144	False	0.101359
HAP1_chr10	HAP1_chr15	11,13,15,17,19,23	23	34623482	27358252	1751579	60230155	0.029081	0.064024	0.124921	0.112636	False	0.103576
HAP1_chr10	HAP2_chr01	11,13,15,17,19,23	23	34623482	48726428	2463437	80886473	0.030455	0.071149	0.122971	0.108555	False	0.107479
HAP1_chr10	HAP2_chr02	11,13,15,17,19,23	23	34623482	47240339	2219410	79644411	0.027866	0.064101	0.126725	0.112589	False	0.112043
HAP1_chr10	HAP2_chr03	11,13,15,17,19,23	23	34623482	47366046	2482974	79506554	0.031230	0.071714	0.121912	0.108249	False	0.106169
HAP1_chr10	HAP2_chr04	11,13,15,17,19,23	23	34623482	37366764	2263102	69727144	0.032457	0.065363	0.120289	0.111837	False	0.102808
HAP1_chr10	HAP2_chr05	11,13,15,17,19,23	23	34623482	39538026	3649963	70511545	0.051764	0.105419	0.100799	0.093186	False	0.079965
HAP1_chr10	HAP2_chr06	11,13,15,17,19,23	23	34623482	35047506	2748911	66922077	0.041076	0.079394	0.110410	0.104295	False	0.088696
HAP1_chr10	HAP2_chr07	11,13,15,17,19,23	23	34623482	34737215	2553731	66806966	0.038226	0.073757	0.113418	0.107159	False	0.092884
HAP1_chr10	HAP2_chr08	11,13,15,17,19,23	23	34623482	34383664	2474280	66532866	0.037189	0.071961	0.114570	0.108116	False	0.094014
HAP1_chr10	HAP2_chr09	11,13,15,17,19,23	23	34623482	26492289	2002319	59113452	0.033872	0.075581	0.118492	0.106210	False	0.096145
HAP1_chr10	HAP2_chr10	11,13,15,17,19,23	23	34623482	34454945	20803602	48274825	0.430941	0.603791	0.022042	0.021697	False	0.011161
HAP1_chr10	HAP2_chr11	11,13,15,17,19,23	23	34623482	25845315	1594861	58873936	0.027089	0.061708	0.127921	0.114056	False	0.106546
HAP1_chr10	HAP2_chr12	11,13,15,17,19,23	23	34623482	32272788	1820257	65076013	0.027971	0.056402	0.126566	0.117513	False	0.106757
HAP1_chr10	HAP2_chr13	11,13,15,17,19,23	23	34623482	30726569	1652372	63697679	0.025941	0.053777	0.129756	0.119340	False	0.110261
HAP1_chr10	HAP2_chr14	11,13,15,17,19,23	23	34623482	29913583	1906770	62630295	0.030445	0.063743	0.122986	0.112806	False	0.102761
HAP1_chr10	HAP2_chr15	11,13,15,17,19,23	23	34623482	28531402	1861926	61292958	0.030377	0.065259	0.123080	0.111899	False	0.102710
HAP1_chr10	HAP3_chr01	11,13,15,17,19,23	23	34623482	48274836	2462957	80435361	0.030620	0.071135	0.122744	0.108563	False	0.107113
HAP1_chr10	HAP3_chr02	11,13,15,17,19,23	23	34623482	47202783	2202924	79623341	0.027667	0.063625	0.127029	0.112877	False	0.112213
HAP1_chr10	HAP3_chr03	11,13,15,17,19,23	23	34623482	44724948	2375911	76972519	0.030867	0.068621	0.122405	0.109956	False	0.106306
HAP1_chr10	HAP3_chr04	11,13,15,17,19,23	23	34623482	41082189	2326964	73378707	0.031712	0.067208	0.121267	0.110762	False	0.104821
HAP1_chr10	HAP3_chr05	11,13,15,17,19,23	23	34623482	37728269	3612838	68738913	0.052559	0.104346	0.100170	0.093589	False	0.078882
HAP1_chr10	HAP3_chr06	11,13,15,17,19,23	23	34623482	40073292	3211024	71485750	0.044918	0.092741	0.106683	0.098224	False	0.085541
HAP1_chr10	HAP3_chr07	11,13,15,17,19,23	23	34623482	33876111	2419228	66080365	0.036610	0.071414	0.115227	0.108411	False	0.095506
HAP1_chr10	HAP3_chr08	11,13,15,17,19,23	23	34623482	36015017	2458028	68180471	0.036052	0.070993	0.115873	0.108641	False	0.095735
HAP1_chr10	HAP3_chr09	11,13,15,17,19,23	23	34623482	34974758	2256941	67341299	0.033515	0.065185	0.118938	0.111942	False	0.100254
HAP1_chr10	HAP3_chr10	11,13,15,17,19,23	23	34623482	34414061	21115350	47922193	0.440617	0.613568	0.021370	0.021014	False	0.010760
HAP1_chr10	HAP3_chr11	11,13,15,17,19,23	23	34623482	29847782	1643196	62828068	0.026154	0.055053	0.129410	0.118441	False	0.109676
HAP1_chr10	HAP3_chr12	11,13,15,17,19,23	23	34623482	32433415	1856645	65200252	0.028476	0.057245	0.125810	0.116943	False	0.106211
HAP1_chr10	HAP3_chr13	11,13,15,17,19,23	23	34623482	29733458	1659886	62697054	0.026475	0.055826	0.128893	0.117907	False	0.109077
HAP1_chr10	HAP3_chr14	11,13,15,17,19,23	23	34623482	29012809	1863726	61772565	0.030171	0.064238	0.123368	0.112507	False	0.102716
HAP1_chr10	HAP3_chr15	11,13,15,17,19,23	23	34623482	27875899	1767431	60731950	0.029102	0.063404	0.124891	0.113012	False	0.103976
HAP1_chr10	HAP4_chr01	11,13,15,17,19,23	23	34623482	41241440	2218136	73646786	0.030119	0.064064	0.123441	0.112611	False	0.106913
HAP1_chr10	HAP4_chr02	11,13,15,17,19,23	23	34623482	38993514	2048115	71568881	0.028617	0.059154	0.125600	0.115683	False	0.109240
HAP1_chr10	HAP4_chr03	11,13,15,17,19,23	23	34623482	43331636	2422669	75532449	0.032075	0.069972	0.120788	0.109202	False	0.104354
HAP1_chr10	HAP4_chr04	11,13,15,17,19,23	23	34623482	36662643	2195826	69090299	0.031782	0.063420	0.121174	0.113001	False	0.103522
HAP1_chr10	HAP4_chr05	11,13,15,17,19,23	23	34623482	41047945	3722518	71948909	0.051738	0.107514	0.100820	0.092410	False	0.080348
HAP1_chr10	HAP4_chr06	11,13,15,17,19,23	23	34623482	36617732	3068657	68172557	0.045013	0.088629	0.106595	0.100000	False	0.084854
HAP1_chr10	HAP4_chr07	11,13,15,17,19,23	23	34623482	34782765	2642631	66763616	0.039582	0.076325	0.111959	0.105830	False	0.091663
HAP1_chr10	HAP4_chr08	11,13,15,17,19,23	23	34623482	34895954	2534255	66985181	0.037833	0.073195	0.113850	0.107456	False	0.093382
HAP1_chr10	HAP4_chr09	11,13,15,17,19,23	23	34623482	31553840	2057792	64119530	0.032093	0.065215	0.120763	0.111924	False	0.101017
HAP1_chr10	HAP4_chr10	11,13,15,17,19,23	23	34623482	31025022	19297580	46350924	0.416336	0.622001	0.023095	0.020432	False	0.011562
HAP1_chr10	HAP4_chr11	11,13,15,17,19,23	23	34623482	29508763	1773181	62359064	0.028435	0.060090	0.125871	0.115079	False	0.106119
HAP1_chr10	HAP4_chr12	11,13,15,17,19,23	23	34623482	29184285	1699543	62108224	0.027364	0.058235	0.127494	0.116285	False	0.106706
HAP1_chr10	HAP4_chr13	11,13,15,17,19,23	23	34623482	28038087	1583012	61078557	0.025918	0.056459	0.129794	0.117474	False	0.109412
HAP1_chr10	HAP4_chr14	11,13,15,17,19,23	23	34623482	26946496	1850888	59719090	0.030993	0.068688	0.122233	0.109919	False	0.100421
HAP1_chr10	HAP4_chr15	11,13,15,17,19,23	23	34623482	24564508	1705276	57482714	0.029666	0.069420	0.124080	0.109508	False	0.101372
HAP1_chr11	HAP1_chr12	11,13,15,17,19,23	23	31191926	32093411	1582060	61703277	0.025640	0.050720	0.130251	0.121577	False	0.109582
HAP1_chr11	HAP1_chr13	11,13,15,17,19,23	23	31191926	30993295	1605132	60580089	0.026496	0.051790	0.128859	0.120780	False	0.108265
HAP1_chr11	HAP1_chr14	11,13,15,17,19,23	23	31191926	28527320	1651936	58067310	0.028449	0.057907	0.125850	0.116502	False	0.104515
HAP1_chr11	HAP1_chr15	11,13,15,17,19,23	23	31191926	27358252	3245897	55304281	0.058692	0.118644	0.095624	0.088514	False	0.068320
HAP1_chr11	HAP2_chr01	11,13,15,17,19,23	23	31191926	48726428	2138937	77779417	0.027500	0.068573	0.127285	0.109983	False	0.110603
HAP1_chr11	HAP2_chr02	11,13,15,17,19,23	23	31191926	47240339	2108560	76323705	0.027627	0.067600	0.127091	0.110537	False	0.110886
HAP1_chr11	HAP2_chr03	11,13,15,17,19,23	23	31191926	47366046	2127654	76430318	0.027838	0.068212	0.126768	0.110188	False	0.109954
HAP1_chr11	HAP2_chr04	11,13,15,17,19,23	23	31191926	37366764	1870267	66688423	0.028045	0.059960	0.126455	0.115162	False	0.107765
HAP1_chr11	HAP2_chr05	11,13,15,17,19,23	23	31191926	39538026	1878950	68851002	0.027290	0.060238	0.127609	0.114984	False	0.110560
HAP1_chr11	HAP2_chr06	11,13,15,17,19,23	23	31191926	35047506	1773500	64465932	0.027511	0.056858	0.127268	0.117204	False	0.107981
HAP1_chr11	HAP2_chr07	11,13,15,17,19,23	23	31191926	34737215	1661640	64267501	0.025855	0.053271	0.129897	0.119701	False	0.110932
HAP1_chr11	HAP2_chr08	11,13,15,17,19,23	23	31191926	34383664	1703205	63872385	0.026666	0.054604	0.128589	0.118755	False	0.109505
HAP1_chr11	HAP2_chr09	11,13,15,17,19,23	23	31191926	26492289	2457998	55226217	0.044508	0.092782	0.107065	0.098207	False	0.079947
HAP1_chr11	HAP2_chr10	11,13,15,17,19,23	23	31191926	34454945	1776502	63870369	0.027814	0.056954	0.126804	0.117139	False	0.107975
HAP1_chr11	HAP2_chr11	11,13,15,17,19,23	23	31191926	25845315	14665150	42372091	0.346104	0.567420	0.028917	0.024336	False	0.031530
HAP1_chr11	HAP2_chr12	11,13,15,17,19,23	23	31191926	32272788	1597652	61867062	0.025824	0.051220	0.129948	0.121203	False	0.109323
HAP1_chr11	HAP2_chr13	11,13,15,17,19,23	23	31191926	30726569	1572964	60345531	0.026066	0.051192	0.129553	0.121223	False	0.108718
HAP1_chr11	HAP2_chr14	11,13,15,17,19,23	23	31191926	29913583	1669001	59436508	0.028080	0.055794	0.126401	0.117928	False	0.105554
HAP1_chr11	HAP2_chr15	11,13,15,17,19,23	23	31191926	28531402	3350446	56372882	0.059434	0.117430	0.095108	0.088922	False	0.068289
HAP1_chr11	HAP3_chr01	11,13,15,17,19,23	23	31191926	48274836	2134246	77332516	0.027598	0.068423	0.127134	0.110068	False	0.110280
HAP1_chr11	HAP3_chr02	11,13,15,17,19,23	23	31191926	47202783	2081705	76313004	0.027279	0.066739	0.127627	0.111032	False	0.111298
HAP1_chr11	HAP3_chr03	11,13,15,17,19,23	23	31191926	44724948	2006302	73910572	0.027145	0.064321	0.127835	0.112457	False	0.110622
HAP1_chr11	HAP3_chr04	11,13,15,17,19,23	23	31191926	41082189	1954823	70319292	0.027799	0.062671	0.126827	0.113460	False	0.109305
HAP1_chr11	HAP3_chr05	11,13,15,17,19,23	23	31191926	37728269	1847552	67072643	0.027546	0.059232	0.127215	0.115632	False	0.109736
HAP1_chr11	HAP3_chr06	11,13,15,17,19,23	23	31191926	40073292	1873796	69391422	0.027003	0.060073	0.128056	0.115090	False	0.110173
HAP1_chr11	HAP3_chr07	11,13,15,17,19,23	23	31191926	33876111	1776106	63291931	0.028062	0.056941	0.126429	0.117148	False	0.107696
HAP1_chr11	HAP3_chr08	11,13,15,17,19,23	23	31191926	36015017	1736643	65470300	0.026526	0.055676	0.128812	0.118010	False	0.110132
HAP1_chr11	HAP3_chr09	11,13,15,17,19,23	23	31191926	34974758	3156701	63009983	0.050098	0.101203	0.102152	0.094794	False	0.076910
HAP1_chr11	HAP3_chr10	11,13,15,17,19,23	23	31191926	34414061	1771024	63834963	0.027744	0.056778	0.126911	0.117258	False	0.108097
HAP1_chr11	HAP3_chr11	11,13,15,17,19,23	23	31191926	29847782	17461066	43578642	0.400679	0.585004	0.024278	0.023041	False	0.025858
HAP1_chr11	HAP3_chr12	11,13,15,17,19,23	23	31191926	32433415	1624168	62001173	0.026196	0.052070	0.129342	0.120574	False	0.109001
HAP1_chr11	HAP3_chr13	11,13,15,17,19,23	23	31191926	29733458	1592050	59333334	0.026832	0.053544	0.128325	0.119506	False	0.107264
HAP1_chr11	HAP3_chr14	11,13,15,17,19,23	23	31191926	29012809	1642731	58562004	0.028051	0.056621	0.126445	0.117364	False	0.105098
HAP1_chr11	HAP3_chr15	11,13,15,17,19,23	23	31191926	27875899	3315465	55752360	0.059468	0.118937	0.095084	0.088417	False	0.067979
HAP1_chr11	HAP4_chr01	11,13,15,17,19,23	23	31191926	41241440	1938526	70494840	0.027499	0.062148	0.127287	0.113782	False	0.109635
HAP1_chr11	HAP4_chr02	11,13,15,17,19,23	23	31191926	38993514	2013147	68172293	0.029530	0.064541	0.124274	0.112326	False	0.106935
HAP1_chr11	HAP4_chr03	11,13,15,17,19,23	23	31191926	43331636	2056097	72467465	0.028373	0.065918	0.125963	0.111511	False	0.108615
HAP1_chr11	HAP4_chr04	11,13,15,17,19,23	23	31191926	36662643	1832340	66022229	0.027753	0.058744	0.126897	0.115950	False	0.108336
HAP1_chr11	HAP4_chr05	11,13,15,17,19,23	23	31191926	41047945	1942410	70297461	0.027631	0.062273	0.127083	0.113705	False	0.110267
HAP1_chr11	HAP4_chr06	11,13,15,17,19,23	23	31191926	36617732	1780093	66029565	0.026959	0.057069	0.128126	0.117061	False	0.109601
HAP1_chr11	HAP4_chr07	11,13,15,17,19,23	23	31191926	34782765	1764424	64210267	0.027479	0.056567	0.127317	0.117401	False	0.108589
HAP1_chr11	HAP4_chr08	11,13,15,17,19,23	23	31191926	34895954	1800214	64287666	0.028002	0.057714	0.126519	0.116630	False	0.107807
HAP1_chr11	HAP4_chr09	11,13,15,17,19,23	23	31191926	31553840	2948088	59797678	0.049301	0.094514	0.102817	0.097481	False	0.076891
HAP1_chr11	HAP4_chr10	11,13,15,17,19,23	23	31191926	31025022	1684683	60532265	0.027831	0.054301	0.126778	0.118968	False	0.106482
HAP1_chr11	HAP4_chr11	11,13,15,17,19,23	23	31191926	29508763	16965728	43734961	0.387921	0.574939	0.025288	0.023778	False	0.027166
HAP1_chr11	HAP4_chr12	11,13,15,17,19,23	23	31191926	29184285	1492871	58883340	0.025353	0.051153	0.130728	0.121253	False	0.109151
HAP1_chr11	HAP4_chr13	11,13,15,17,19,23	23	31191926	28038087	1495712	57734301	0.025907	0.053346	0.129812	0.119648	False	0.108081
HAP1_chr11	HAP4_chr14	11,13,15,17,19,23	23	31191926	26946496	1581513	56556909	0.027963	0.058691	0.126578	0.115985	False	0.104101
HAP1_chr11	HAP4_chr15	11,13,15,17,19,23	23	31191926	24564508	2974113	52782321	0.056347	0.121074	0.097300	0.087711	False	0.068952
HAP1_chr12	HAP1_chr13	11,13,15,17,19,23	23	32093411	30993295	2873338	60213368	0.047719	0.092708	0.104169	0.098238	False	0.077889
HAP1_chr12	HAP1_chr14	11,13,15,17,19,23	23	32093411	28527320	2618013	58002718	0.045136	0.091772	0.106481	0.098635	False	0.079572
HAP1_chr12	HAP1_chr15	11,13,15,17,19,23	23	32093411	27358252	1535483	57916180	0.026512	0.056125	0.128834	0.117702	False	0.106143
HAP1_chr12	HAP2_chr01	11,13,15,17,19,23	23	32093411	48726428	2118465	78701374	0.026918	0.066009	0.128191	0.111457	False	0.110386
HAP1_chr12	HAP2_chr02	11,13,15,17,19,23	23	32093411	47240339	1879702	77454048	0.024269	0.058570	0.132583	0.116065	False	0.115538
HAP1_chr12	HAP2_chr03	11,13,15,17,19,23	23	32093411	47366046	2144198	77315259	0.027733	0.066811	0.126928	0.110990	False	0.109106
HAP1_chr12	HAP2_chr04	11,13,15,17,19,23	23	32093411	37366764	1959056	67501119	0.029023	0.061042	0.125006	0.114474	False	0.105141
HAP1_chr12	HAP2_chr05	11,13,15,17,19,23	23	32093411	39538026	1738352	69893085	0.024872	0.054165	0.131541	0.119064	False	0.113833
HAP1_chr12	HAP2_chr06	11,13,15,17,19,23	23	32093411	35047506	1795447	65345470	0.027476	0.055944	0.127321	0.117825	False	0.107174
HAP1_chr12	HAP2_chr07	11,13,15,17,19,23	23	32093411	34737215	1675175	65155451	0.025710	0.052197	0.130135	0.120481	False	0.110223
HAP1_chr12	HAP2_chr08	11,13,15,17,19,23	23	32093411	34383664	1721758	64755317	0.026589	0.053648	0.128711	0.119431	False	0.108812
HAP1_chr12	HAP2_chr09	11,13,15,17,19,23	23	32093411	26492289	1676545	56909155	0.029460	0.063284	0.124374	0.113084	False	0.100274
HAP1_chr12	HAP2_chr10	11,13,15,17,19,23	23	32093411	34454945	1782759	64765597	0.027526	0.055549	0.127244	0.118097	False	0.107352
HAP1_chr12	HAP2_chr11	11,13,15,17,19,23	23	32093411	25845315	1418275	56520451	0.025093	0.054876	0.131165	0.118565	False	0.108270
HAP1_chr12	HAP2_chr12	11,13,15,17,19,23	23	32093411	32272788	17579887	46786312	0.375749	0.547772	0.026291	0.025830	False	0.013375
HAP1_chr12	HAP2_chr13	11,13,15,17,19,23	23	32093411	30726569	2865099	59954881	0.047788	0.093245	0.104110	0.098011	False	0.077678
HAP1_chr12	HAP2_chr14	11,13,15,17,19,23	23	32093411	29913583	2782749	59224245	0.046987	0.093026	0.104811	0.098103	False	0.078324
HAP1_chr12	HAP2_chr15	11,13,15,17,19,23	23	32093411	28531402	1584089	59040724	0.026830	0.055521	0.128328	0.118117	False	0.106236
HAP1_chr12	HAP3_chr01	11,13,15,17,19,23	23	32093411	48274836	2103329	78264918	0.026874	0.065538	0.128259	0.111734	False	0.110251
HAP1_chr12	HAP3_chr02	11,13,15,17,19,23	23	32093411	47202783	1892440	77403754	0.024449	0.058967	0.132269	0.115805	False	0.115297
HAP1_chr12	HAP3_chr03	11,13,15,17,19,23	23	32093411	44724948	2073660	74744699	0.027743	0.064613	0.126912	0.112282	False	0.108829
HAP1_chr12	HAP3_chr04	11,13,15,17,19,23	23	32093411	41082189	2044253	71131347	0.028739	0.063697	0.125421	0.112833	False	0.106587
HAP1_chr12	HAP3_chr05	11,13,15,17,19,23	23	32093411	37728269	1696820	68124860	0.024908	0.052871	0.131480	0.119990	False	0.113190
HAP1_chr12	HAP3_chr06	11,13,15,17,19,23	23	32093411	40073292	1919373	70247330	0.027323	0.059806	0.127558	0.115261	False	0.108718
HAP1_chr12	HAP3_chr07	11,13,15,17,19,23	23	32093411	33876111	1721563	64247959	0.026796	0.053642	0.128383	0.119435	False	0.108352
HAP1_chr12	HAP3_chr08	11,13,15,17,19,23	23	32093411	36015017	1764399	66344029	0.026595	0.054977	0.128702	0.118494	False	0.109143
HAP1_chr12	HAP3_chr09	11,13,15,17,19,23	23	32093411	34974758	1907127	65161042	0.029268	0.059424	0.124651	0.115508	False	0.103958
HAP1_chr12	HAP3_chr10	11,13,15,17,19,23	23	32093411	34414061	1794946	64712526	0.027737	0.055929	0.126921	0.117836	False	0.107280
HAP1_chr12	HAP3_chr11	11,13,15,17,19,23	23	32093411	29847782	1504650	60436543	0.024896	0.050411	0.131499	0.121811	False	0.110158
HAP1_chr12	HAP3_chr12	11,13,15,17,19,23	23	32093411	32433415	18444965	46081861	0.400265	0.574727	0.024311	0.023793	False	0.026136
HAP1_chr12	HAP3_chr13	11,13,15,17,19,23	23	32093411	29733458	2735203	59091666	0.046287	0.091991	0.105434	0.098542	False	0.078711
HAP1_chr12	HAP3_chr14	11,13,15,17,19,23	23	32093411	29012809	2672167	58434053	0.045730	0.092103	0.105938	0.098494	False	0.078917
HAP1_chr12	HAP3_chr15	11,13,15,17,19,23	23	32093411	27875899	1550563	58418747	0.026542	0.055624	0.128786	0.118046	False	0.106380
HAP1_chr12	HAP4_chr01	11,13,15,17,19,23	23	32093411	41241440	1872921	71461930	0.026209	0.058358	0.129321	0.116203	False	0.110641
HAP1_chr12	HAP4_chr02	11,13,15,17,19,23	23	32093411	38993514	1767787	69319138	0.025502	0.055083	0.130479	0.118421	False	0.112256
HAP1_chr12	HAP4_chr03	11,13,15,17,19,23	23	32093411	43331636	2076636	73348411	0.028312	0.064706	0.126054	0.112227	False	0.107706
HAP1_chr12	HAP4_chr04	11,13,15,17,19,23	23	32093411	36662643	1930073	66825981	0.028882	0.060139	0.125211	0.115048	False	0.105374
HAP1_chr12	HAP4_chr05	11,13,15,17,19,23	23	32093411	41047945	1803288	71338068	0.025278	0.056189	0.130854	0.117658	False	0.113375
HAP1_chr12	HAP4_chr06	11,13,15,17,19,23	23	32093411	36617732	1828683	66882460	0.027342	0.056980	0.127529	0.117121	False	0.108292
HAP1_chr12	HAP4_chr07	11,13,15,17,19,23	23	32093411	34782765	1735894	65140282	0.026649	0.054089	0.128616	0.119118	False	0.109028
HAP1_chr12	HAP4_chr08	11,13,15,17,19,23	23	32093411	34895954	1769465	65219900	0.027131	0.055135	0.127857	0.118384	False	0.107988
HAP1_chr12	HAP4_chr09	11,13,15,17,19,23	23	32093411	31553840	1758250	61889001	0.028410	0.055722	0.125908	0.117978	False	0.104262
HAP1_chr12	HAP4_chr10	11,13,15,17,19,23	23	32093411	31025022	1723730	61394703	0.028076	0.055559	0.126408	0.118090	False	0.105438
HAP1_chr12	HAP4_chr11	11,13,15,17,19,23	23	32093411	29508763	1574490	60027684	0.026229	0.053357	0.129288	0.119640	False	0.107928
HAP1_chr12	HAP4_chr12	11,13,15,17,19,23	23	32093411	29184285	16158614	45119082	0.358133	0.553675	0.027818	0.025376	False	0.030202
HAP1_chr12	HAP4_chr13	11,13,15,17,19,23	23	32093411	28038087	2655779	57475719	0.046207	0.094720	0.105506	0.097395	False	0.078283
HAP1_chr12	HAP4_chr14	11,13,15,17,19,23	23	32093411	26946496	2416670	56623237	0.042680	0.089684	0.108812	0.099537	False	0.081124
HAP1_chr12	HAP4_chr15	11,13,15,17,19,23	23	32093411	24564508	1472805	55185114	0.026688	0.059957	0.128553	0.115165	False	0.104334
HAP1_chr13	HAP1_chr14	11,13,15,17,19,23	23	30993295	28527320	3417439	56103176	0.060913	0.119795	0.094099	0.088132	False	0.066989
HAP1_chr13	HAP1_chr15	11,13,15,17,19,23	23	30993295	27358252	1504801	56846746	0.026471	0.055004	0.128899	0.118476	False	0.106787
HAP1_chr13	HAP2_chr01	11,13,15,17,19,23	23	30993295	48726428	2022482	77697241	0.026030	0.065255	0.129611	0.111901	False	0.112390
HAP1_chr13	HAP2_chr02	11,13,15,17,19,23	23	30993295	47240339	2013940	76219694	0.026423	0.064980	0.128976	0.112064	False	0.112476
HAP1_chr13	HAP2_chr03	11,13,15,17,19,23	23	30993295	47366046	2059467	76299874	0.026992	0.066449	0.128074	0.111201	False	0.110964
HAP1_chr13	HAP2_chr04	11,13,15,17,19,23	23	30993295	37366764	1793578	66566481	0.026944	0.057870	0.128149	0.116526	False	0.109221
HAP1_chr13	HAP2_chr05	11,13,15,17,19,23	23	30993295	39538026	1819640	68711681	0.026482	0.058711	0.128881	0.115972	False	0.111391
HAP1_chr13	HAP2_chr06	11,13,15,17,19,23	23	30993295	35047506	1737285	64303516	0.027017	0.056054	0.128035	0.117750	False	0.108528
HAP1_chr13	HAP2_chr07	11,13,15,17,19,23	23	30993295	34737215	1598835	64131675	0.024931	0.051586	0.131441	0.120930	False	0.112307
HAP1_chr13	HAP2_chr08	11,13,15,17,19,23	23	30993295	34383664	1631199	63745760	0.025589	0.052631	0.130335	0.120164	False	0.111060
HAP1_chr13	HAP2_chr09	11,13,15,17,19,23	23	30993295	26492289	1610442	55875142	0.028822	0.060789	0.125299	0.114634	False	0.102214
HAP1_chr13	HAP2_chr10	11,13,15,17,19,23	23	30993295	34454945	1723394	63724846	0.027044	0.055605	0.127992	0.118058	False	0.108861
HAP1_chr13	HAP2_chr11	11,13,15,17,19,23	23	30993295	25845315	1417653	55420957	0.025580	0.054851	0.130351	0.118582	False	0.107518
HAP1_chr13	HAP2_chr12	11,13,15,17,19,23	23	30993295	32272788	2838400	60427683	0.046972	0.091581	0.104824	0.098717	False	0.078508
HAP1_chr13	HAP2_chr13	11,13,15,17,19,23	23	30993295	30726569	17637151	44082713	0.400092	0.574003	0.024324	0.023847	False	0.025711
HAP1_chr13	HAP2_chr14	11,13,15,17,19,23	23	30993295	29913583	3659006	57247872	0.063915	0.122319	0.092131	0.087305	False	0.065475
HAP1_chr13	HAP2_chr15	11,13,15,17,19,23	23	30993295	28531402	1541670	57983027	0.026588	0.054034	0.128712	0.119157	False	0.107232
HAP1_chr13	HAP3_chr01	11,13,15,17,19,23	23	30993295	48274836	2021912	77246219	0.026175	0.065237	0.129376	0.111911	False	0.112017
HAP1_chr13	HAP3_chr02	11,13,15,17,19,23	23	30993295	47202783	2005713	76190365	0.026325	0.064714	0.129134	0.112222	False	0.112517
HAP1_chr13	HAP3_chr03	11,13,15,17,19,23	23	30993295	44724948	1932126	73786117	0.026185	0.062340	0.129359	0.113664	False	0.111763
HAP1_chr13	HAP3_chr04	11,13,15,17,19,23	23	30993295	41082189	1891809	70183675	0.026955	0.061039	0.128132	0.114476	False	0.110284
HAP1_chr13	HAP3_chr05	11,13,15,17,19,23	23	30993295	37728269	1748474	66973090	0.026107	0.056415	0.129486	0.117504	False	0.111378
HAP1_chr13	HAP3_chr06	11,13,15,17,19,23	23	30993295	40073292	1815556	69251031	0.026217	0.058579	0.129308	0.116058	False	0.110891
HAP1_chr13	HAP3_chr07	11,13,15,17,19,23	23	30993295	33876111	1680951	63188455	0.026602	0.054236	0.128690	0.119014	False	0.109852
HAP1_chr13	HAP3_chr08	11,13,15,17,19,23	23	30993295	36015017	1667128	65341184	0.025514	0.053790	0.130459	0.119330	False	0.111506
HAP1_chr13	HAP3_chr09	11,13,15,17,19,23	23	30993295	34974758	1803931	64164122	0.028114	0.058204	0.126350	0.116305	False	0.106385
HAP1_chr13	HAP3_chr10	11,13,15,17,19,23	23	30993295	34414061	1675780	63731576	0.026294	0.054069	0.129183	0.119132	False	0.109927
HAP1_chr13	HAP3_chr11	11,13,15,17,19,23	23	30993295	29847782	1510853	59330224	0.025465	0.050619	0.130541	0.121654	False	0.109350
HAP1_chr13	HAP3_chr12	11,13,15,17,19,23	23	30993295	32433415	2907055	60519655	0.048035	0.093796	0.103896	0.097780	False	0.077812
HAP1_chr13	HAP3_chr13	11,13,15,17,19,23	23	30993295	29733458	17615047	43111706	0.408591	0.592432	0.023673	0.022505	False	0.025425
HAP1_chr13	HAP3_chr14	11,13,15,17,19,23	23	30993295	29012809	3555344	56450760	0.062981	0.122544	0.092732	0.087232	False	0.065680
HAP1_chr13	HAP3_chr15	11,13,15,17,19,23	23	30993295	27875899	1463800	57405394	0.025499	0.052511	0.130484	0.120251	False	0.108522
HAP1_chr13	HAP4_chr01	11,13,15,17,19,23	23	30993295	41241440	1817968	70416767	0.025817	0.058657	0.129959	0.116007	False	0.111897
HAP1_chr13	HAP4_chr02	11,13,15,17,19,23	23	30993295	38993514	1859270	68127539	0.027291	0.059989	0.127608	0.115144	False	0.109720
HAP1_chr13	HAP4_chr03	11,13,15,17,19,23	23	30993295	43331636	1942250	72382681	0.026833	0.062667	0.128324	0.113462	False	0.110415
HAP1_chr13	HAP4_chr04	11,13,15,17,19,23	23	30993295	36662643	1707544	65948394	0.025892	0.055094	0.129836	0.118413	False	0.110607
HAP1_chr13	HAP4_chr05	11,13,15,17,19,23	23	30993295	41047945	1817633	70223607	0.025884	0.058646	0.129850	0.116014	False	0.112405
HAP1_chr13	HAP4_chr06	11,13,15,17,19,23	23	30993295	36617732	1733552	65877475	0.026315	0.055933	0.129150	0.117833	False	0.110276
HAP1_chr13	HAP4_chr07	11,13,15,17,19,23	23	30993295	34782765	1690895	64085165	0.026385	0.054557	0.129037	0.118788	False	0.110245
HAP1_chr13	HAP4_chr08	11,13,15,17,19,23	23	30993295	34895954	1665685	64223564	0.025936	0.053743	0.129765	0.119363	False	0.110517
HAP1_chr13	HAP4_chr09	11,13,15,17,19,23	23	30993295	31553840	1632119	60915016	0.026793	0.052660	0.128387	0.120142	False	0.107291
HAP1_chr13	HAP4_chr10	11,13,15,17,19,23	23	30993295	31025022	1587473	60430844	0.026269	0.051220	0.129223	0.121203	False	0.108518
HAP1_chr13	HAP4_chr11	11,13,15,17,19,23	23	30993295	29508763	1576820	58925238	0.026760	0.053436	0.128440	0.119583	False	0.107016
HAP1_chr13	HAP4_chr12	11,13,15,17,19,23	23	30993295	29184285	2596528	57581052	0.045093	0.088970	0.106521	0.099850	False	0.079483
HAP1_chr13	HAP4_chr13	11,13,15,17,19,23	23	30993295	28038087	16080972	42950410	0.374408	0.573540	0.026404	0.023881	False	0.028439
HAP1_chr13	HAP4_chr14	11,13,15,17,19,23	23	30993295	26946496	3241491	54698300	0.059261	0.120294	0.095227	0.087967	False	0.067528
HAP1_chr13	HAP4_chr15	11,13,15,17,19,23	23	30993295	24564508	1391673	54166130	0.025693	0.056654	0.130164	0.117342	False	0.106494
HAP1_chr14	HAP1_chr15	11,13,15,17,19,23	23	28527320	27358252	1598564	54287008	0.029447	0.058431	0.124394	0.116156	False	0.100929
HAP1_chr14	HAP2_chr01	11,13,15,17,19,23	23	28527320	48726428	2222420	75031328	0.029620	0.077905	0.124146	0.105033	False	0.105434
HAP1_chr14	HAP2_chr02	11,13,15,17,19,23	23	28527320	47240339	1996005	73771654	0.027057	0.069968	0.127973	0.109204	False	0.110107
HAP1_chr14	HAP2_chr03	11,13,15,17,19,23	23	28527320	47366046	2237804	73655562	0.030382	0.078444	0.123073	0.104764	False	0.104118
HAP1_chr14	HAP2_chr04	11,13,15,17,19,23	23	28527320	37366764	2009179	63884905	0.031450	0.070430	0.121616	0.108949	False	0.101180
HAP1_chr14	HAP2_chr05	11,13,15,17,19,23	23	28527320	39538026	1852785	66212561	0.027982	0.064948	0.126549	0.112083	False	0.108063
HAP1_chr14	HAP2_chr06	11,13,15,17,19,23	23	28527320	35047506	1873944	61700882	0.030371	0.065689	0.123088	0.111645	False	0.102093
HAP1_chr14	HAP2_chr07	11,13,15,17,19,23	23	28527320	34737215	1628768	61635767	0.026426	0.057095	0.128972	0.117044	False	0.108846
HAP1_chr14	HAP2_chr08	11,13,15,17,19,23	23	28527320	34383664	1786712	61124272	0.029231	0.062632	0.124704	0.113484	False	0.103803
HAP1_chr14	HAP2_chr09	11,13,15,17,19,23	23	28527320	26492289	1788719	53230890	0.033603	0.067518	0.118828	0.110583	False	0.094294
HAP1_chr14	HAP2_chr10	11,13,15,17,19,23	23	28527320	34454945	1899782	61082483	0.031102	0.066595	0.122086	0.111115	False	0.101240
HAP1_chr14	HAP2_chr11	11,13,15,17,19,23	23	28527320	25845315	1452012	52920623	0.027438	0.056181	0.127381	0.117663	False	0.103743
HAP1_chr14	HAP2_chr12	11,13,15,17,19,23	23	28527320	32272788	2591625	58208483	0.044523	0.090847	0.107050	0.099032	False	0.080178
HAP1_chr14	HAP2_chr13	11,13,15,17,19,23	23	28527320	30726569	3367833	55886056	0.060262	0.118056	0.094540	0.088711	False	0.067250
HAP1_chr14	HAP2_chr14	11,13,15,17,19,23	23	28527320	29913583	15787989	42652914	0.370150	0.553434	0.026766	0.025394	False	0.028776
HAP1_chr14	HAP2_chr15	11,13,15,17,19,23	23	28527320	28531402	1668836	55389886	0.030129	0.058500	0.123426	0.116111	False	0.100653
HAP1_chr14	HAP3_chr01	11,13,15,17,19,23	23	28527320	48274836	2251207	74550949	0.030197	0.078914	0.123331	0.104532	False	0.104505
HAP1_chr14	HAP3_chr02	11,13,15,17,19,23	23	28527320	47202783	2010488	73719615	0.027272	0.070476	0.127637	0.108924	False	0.109887
HAP1_chr14	HAP3_chr03	11,13,15,17,19,23	23	28527320	44724948	2093315	71158953	0.029417	0.073379	0.124435	0.107358	False	0.105144
HAP1_chr14	HAP3_chr04	11,13,15,17,19,23	23	28527320	41082189	2079566	67529943	0.030795	0.072897	0.122504	0.107614	False	0.103060
HAP1_chr14	HAP3_chr05	11,13,15,17,19,23	23	28527320	37728269	1789826	64465763	0.027764	0.062741	0.126881	0.113417	False	0.107763
HAP1_chr14	HAP3_chr06	11,13,15,17,19,23	23	28527320	40073292	1962660	66637952	0.029453	0.068799	0.124385	0.109856	False	0.104610
HAP1_chr14	HAP3_chr07	11,13,15,17,19,23	23	28527320	33876111	1679733	60723698	0.027662	0.058882	0.127036	0.115860	False	0.106701
HAP1_chr14	HAP3_chr08	11,13,15,17,19,23	23	28527320	36015017	1817425	62724912	0.028975	0.063708	0.125076	0.112827	False	0.104522
HAP1_chr14	HAP3_chr09	11,13,15,17,19,23	23	28527320	34974758	1973931	61528147	0.032082	0.069194	0.120778	0.109635	False	0.099220
HAP1_chr14	HAP3_chr10	11,13,15,17,19,23	23	28527320	34414061	1884531	61056850	0.030865	0.066061	0.122408	0.111427	False	0.101622
HAP1_chr14	HAP3_chr11	11,13,15,17,19,23	23	28527320	29847782	1529773	56845329	0.026911	0.053625	0.128201	0.119448	False	0.106024
HAP1_chr14	HAP3_chr12	11,13,15,17,19,23	23	28527320	32433415	2696077	58264658	0.046273	0.094509	0.105447	0.097483	False	0.078762
HAP1_chr14	HAP3_chr13	11,13,15,17,19,23	23	28527320	29733458	3243307	55017471	0.058950	0.113691	0.095443	0.090203	False	0.067922
HAP1_chr14	HAP3_chr14	11,13,15,17,19,23	23	28527320	29012809	15066410	42473719	0.354723	0.528140	0.028125	0.027375	False	0.030408
HAP1_chr14	HAP3_chr15	11,13,15,17,19,23	23	28527320	27875899	1566071	54837148	0.028559	0.056180	0.125687	0.117664	False	0.102292
HAP1_chr14	HAP4_chr01	11,13,15,17,19,23	23	28527320	41241440	1992595	67776165	0.029400	0.069849	0.124461	0.109270	False	0.104875
HAP1_chr14	HAP4_chr02	11,13,15,17,19,23	23	28527320	38993514	1897861	65622973	0.028921	0.066528	0.125155	0.111155	False	0.106276
HAP1_chr14	HAP4_chr03	11,13,15,17,19,23	23	28527320	43331636	2158484	69700472	0.030968	0.075664	0.122267	0.106168	False	0.102929
HAP1_chr14	HAP4_chr04	11,13,15,17,19,23	23	28527320	36662643	1968453	63221510	0.031136	0.069002	0.122040	0.109742	False	0.101595
HAP1_chr14	HAP4_chr05	11,13,15,17,19,23	23	28527320	41047945	1889422	67685843	0.027915	0.066232	0.126652	0.111327	False	0.108300
HAP1_chr14	HAP4_chr06	11,13,15,17,19,23	23	28527320	36617732	1864548	63280504	0.029465	0.065360	0.124367	0.111839	False	0.104058
HAP1_chr14	HAP4_chr07	11,13,15,17,19,23	23	28527320	34782765	1698240	61611845	0.027564	0.059530	0.127187	0.115439	False	0.107061
HAP1_chr14	HAP4_chr08	11,13,15,17,19,23	23	28527320	34895954	1841831	61581443	0.029909	0.064564	0.123736	0.112312	False	0.102998
HAP1_chr14	HAP4_chr09	11,13,15,17,19,23	23	28527320	31553840	1845416	58235744	0.031689	0.064689	0.121298	0.112237	False	0.098980
HAP1_chr14	HAP4_chr10	11,13,15,17,19,23	23	28527320	31025022	1830218	57722124	0.031707	0.064157	0.121273	0.112556	False	0.099132
HAP1_chr14	HAP4_chr11	11,13,15,17,19,23	23	28527320	29508763	1639037	56397046	0.029062	0.057455	0.124948	0.116803	False	0.102830
HAP1_chr14	HAP4_chr12	11,13,15,17,19,23	23	28527320	29184285	2376020	55335585	0.042938	0.083289	0.108560	0.102428	False	0.080772
HAP1_chr14	HAP4_chr13	11,13,15,17,19,23	23	28527320	28038087	3094858	53470549	0.057880	0.110380	0.096196	0.091371	False	0.068254
HAP1_chr14	HAP4_chr14	11,13,15,17,19,23	23	28527320	26946496	14556821	40916995	0.355765	0.540212	0.028031	0.026418	False	0.031061
HAP1_chr14	HAP4_chr15	11,13,15,17,19,23	23	28527320	24564508	1548076	51543752	0.030034	0.063021	0.123559	0.113245	False	0.098777
HAP1_chr15	HAP2_chr01	11,13,15,17,19,23	23	27358252	48726428	2063511	74021169	0.027877	0.075426	0.126708	0.106290	False	0.107589
HAP1_chr15	HAP2_chr02	11,13,15,17,19,23	23	27358252	47240339	1853810	72744781	0.025484	0.067761	0.130510	0.110445	False	0.112073
HAP1_chr15	HAP2_chr03	11,13,15,17,19,23	23	27358252	47366046	2062170	72662128	0.028380	0.075377	0.125952	0.106316	False	0.106593
HAP1_chr15	HAP2_chr04	11,13,15,17,19,23	23	27358252	37366764	1845911	62879105	0.029357	0.067472	0.124523	0.110610	False	0.103626
HAP1_chr15	HAP2_chr05	11,13,15,17,19,23	23	27358252	39538026	1714564	65181714	0.026304	0.062671	0.129167	0.113460	False	0.110204
HAP1_chr15	HAP2_chr06	11,13,15,17,19,23	23	27358252	35047506	1773042	60632716	0.029242	0.064808	0.124688	0.112166	False	0.103351
HAP1_chr15	HAP2_chr07	11,13,15,17,19,23	23	27358252	34737215	1493777	60601690	0.024649	0.054601	0.131923	0.118757	False	0.111324
HAP1_chr15	HAP2_chr08	11,13,15,17,19,23	23	27358252	34383664	1672677	60069239	0.027846	0.061140	0.126756	0.114413	False	0.105592
HAP1_chr15	HAP2_chr09	11,13,15,17,19,23	23	27358252	26492289	2260312	51590229	0.043813	0.085320	0.107720	0.101488	False	0.079188
HAP1_chr15	HAP2_chr10	11,13,15,17,19,23	23	27358252	34454945	1769031	60044166	0.029462	0.064662	0.124371	0.112253	False	0.103241
HAP1_chr15	HAP2_chr11	11,13,15,17,19,23	23	27358252	25845315	2801448	50402119	0.055582	0.108393	0.097863	0.092089	False	0.069042
HAP1_chr15	HAP2_chr12	11,13,15,17,19,23	23	27358252	32272788	1587305	58043735	0.027347	0.058019	0.127521	0.116427	False	0.104879
HAP1_chr15	HAP2_chr13	11,13,15,17,19,23	23	27358252	30726569	1404695	56680126	0.024783	0.051344	0.131693	0.121110	False	0.109173
HAP1_chr15	HAP2_chr14	11,13,15,17,19,23	23	27358252	29913583	1624673	55647162	0.029196	0.059385	0.124755	0.115533	False	0.101741
HAP1_chr15	HAP2_chr15	11,13,15,17,19,23	23	27358252	28531402	15318876	40570778	0.377584	0.559936	0.026137	0.024899	False	0.028020
HAP1_chr15	HAP3_chr01	11,13,15,17,19,23	23	27358252	48274836	2061881	73571207	0.028026	0.075366	0.126484	0.106321	False	0.107246
HAP1_chr15	HAP3_chr02	11,13,15,17,19,23	23	27358252	47202783	1841408	72719627	0.025322	0.067307	0.130780	0.110704	False	0.112315
HAP1_chr15	HAP3_chr03	11,13,15,17,19,23	23	27358252	44724948	1978028	70105172	0.028215	0.072301	0.126199	0.107933	False	0.106613
HAP1_chr15	HAP3_chr04	11,13,15,17,19,23	23	27358252	41082189	1938327	66502114	0.029147	0.070850	0.124826	0.108719	False	0.105003
HAP1_chr15	HAP3_chr05	11,13,15,17,19,23	23	27358252	37728269	1641482	63445039	0.025873	0.060000	0.129868	0.115137	False	0.110420
HAP1_chr15	HAP3_chr06	11,13,15,17,19,23	23	27358252	40073292	1843505	65588039	0.028107	0.067384	0.126361	0.110660	False	0.106208
HAP1_chr15	HAP3_chr07	11,13,15,17,19,23	23	27358252	33876111	1566267	59668096	0.026250	0.057250	0.129255	0.116940	False	0.108680
HAP1_chr15	HAP3_chr08	11,13,15,17,19,23	23	27358252	36015017	1706985	61666284	0.027681	0.062394	0.127007	0.113630	False	0.106210
HAP1_chr15	HAP3_chr09	11,13,15,17,19,23	23	27358252	34974758	2856871	59476139	0.048034	0.104424	0.103896	0.093560	False	0.077241
HAP1_chr15	HAP3_chr10	11,13,15,17,19,23	23	27358252	34414061	1733821	60038492	0.028878	0.063375	0.125217	0.113029	False	0.103987
HAP1_chr15	HAP3_chr11	11,13,15,17,19,23	23	27358252	29847782	3132631	54073403	0.057933	0.114504	0.096158	0.089921	False	0.068363
HAP1_chr15	HAP3_chr12	11,13,15,17,19,23	23	27358252	32433415	1591295	58200372	0.027342	0.058165	0.127529	0.116331	False	0.105134
HAP1_chr15	HAP3_chr13	11,13,15,17,19,23	23	27358252	29733458	1455061	55636649	0.026153	0.053185	0.129411	0.119763	False	0.106802
HAP1_chr15	HAP3_chr14	11,13,15,17,19,23	23	27358252	29012809	1595930	54775131	0.029136	0.058335	0.124841	0.116219	False	0.101576
HAP1_chr15	HAP3_chr15	11,13,15,17,19,23	23	27358252	27875899	15149217	40084934	0.377928	0.553735	0.026108	0.025371	False	0.027980
HAP1_chr15	HAP4_chr01	11,13,15,17,19,23	23	27358252	41241440	1880391	66719301	0.028184	0.068732	0.126246	0.109894	False	0.106419
HAP1_chr15	HAP4_chr02	11,13,15,17,19,23	23	27358252	38993514	1756618	64595148	0.027194	0.064208	0.127758	0.112525	False	0.108228
HAP1_chr15	HAP4_chr03	11,13,15,17,19,23	23	27358252	43331636	2022919	68666969	0.029460	0.073942	0.124375	0.107062	False	0.104576
HAP1_chr15	HAP4_chr04	11,13,15,17,19,23	23	27358252	36662643	1826077	62194818	0.029361	0.066747	0.124517	0.111028	False	0.103795
HAP1_chr15	HAP4_chr05	11,13,15,17,19,23	23	27358252	41047945	1751707	66654490	0.026280	0.064028	0.129205	0.112633	False	0.110427
HAP1_chr15	HAP4_chr06	11,13,15,17,19,23	23	27358252	36617732	1762580	62213404	0.028331	0.064426	0.126025	0.112394	False	0.105439
HAP1_chr15	HAP4_chr07	11,13,15,17,19,23	23	27358252	34782765	1600733	60540284	0.026441	0.058510	0.128948	0.116104	False	0.108567
HAP1_chr15	HAP4_chr08	11,13,15,17,19,23	23	27358252	34895954	1739115	60515091	0.028739	0.063568	0.125422	0.112911	False	0.104346
HAP1_chr15	HAP4_chr09	11,13,15,17,19,23	23	27358252	31553840	2662737	56249355	0.047338	0.097328	0.104502	0.096329	False	0.077183
HAP1_chr15	HAP4_chr10	11,13,15,17,19,23	23	27358252	31025022	1682158	56701116	0.029667	0.061486	0.124078	0.114195	False	0.101650
HAP1_chr15	HAP4_chr11	11,13,15,17,19,23	23	27358252	29508763	3081882	53785133	0.057300	0.112649	0.096610	0.090567	False	0.069003
HAP1_chr15	HAP4_chr12	11,13,15,17,19,23	23	27358252	29184285	1463607	55078930	0.026573	0.053498	0.128737	0.119539	False	0.105241
HAP1_chr15	HAP4_chr13	11,13,15,17,19,23	23	27358252	28038087	1367206	54029133	0.025305	0.049974	0.130809	0.122143	False	0.107587
HAP1_chr15	HAP4_chr14	11,13,15,17,19,23	23	27358252	26946496	1578349	52726399	0.029935	0.058573	0.123699	0.116062	False	0.099480
HAP1_chr15	HAP4_chr15	11,13,15,17,19,23	23	27358252	24564508	14669035	37253725	0.393760	0.597164	0.024820	0.022166	False	0.027043
HAP2_chr01	HAP2_chr02	11,13,15,17,19,23	23	48726428	47240339	5061527	90905240	0.055679	0.107144	0.097791	0.092546	False	0.080119
HAP2_chr01	HAP2_chr03	11,13,15,17,19,23	23	48726428	47366046	5035558	91056916	0.055301	0.106312	0.098071	0.092854	False	0.080237
HAP2_chr01	HAP2_chr04	11,13,15,17,19,23	23	48726428	37366764	2648788	83444404	0.031743	0.070886	0.121225	0.108699	False	0.106471
HAP2_chr01	HAP2_chr05	11,13,15,17,19,23	23	48726428	39538026	2393895	85870559	0.027878	0.060547	0.126707	0.114788	False	0.113791
HAP2_chr01	HAP2_chr06	11,13,15,17,19,23	23	48726428	35047506	2515545	81258389	0.030957	0.071775	0.122282	0.108216	False	0.106420
HAP2_chr01	HAP2_chr07	11,13,15,17,19,23	23	48726428	34737215	2083067	81380576	0.025597	0.059966	0.130323	0.115158	False	0.115102
HAP2_chr01	HAP2_chr08	11,13,15,17,19,23	23	48726428	34383664	2405086	80705006	0.029801	0.069949	0.123888	0.109215	False	0.108404
HAP2_chr01	HAP2_chr09	11,13,15,17,19,23	23	48726428	26492289	2416945	72801772	0.033199	0.091232	0.119337	0.098867	False	0.099102
HAP2_chr01	HAP2_chr10	11,13,15,17,19,23	23	48726428	34454945	2502513	80678860	0.031018	0.072631	0.122199	0.107756	False	0.106935
HAP2_chr01	HAP2_chr11	11,13,15,17,19,23	23	48726428	25845315	1904330	72667413	0.026206	0.073682	0.129325	0.107199	False	0.109857
HAP2_chr01	HAP2_chr12	11,13,15,17,19,23	23	48726428	32272788	2160802	78838414	0.027408	0.066954	0.127427	0.110908	False	0.109527
HAP2_chr01	HAP2_chr13	11,13,15,17,19,23	23	48726428	30726569	1979504	77473493	0.025551	0.064423	0.130399	0.112396	False	0.112996
HAP2_chr01	HAP2_chr14	11,13,15,17,19,23	23	48726428	29913583	2268256	76371755	0.029700	0.075827	0.124031	0.106084	False	0.106177
HAP2_chr01	HAP2_chr15	11,13,15,17,19,23	23	48726428	28531402	2131236	75126594	0.028369	0.074698	0.125970	0.106667	False	0.107543
HAP2_chr01	HAP3_chr01	11,13,15,17,19,23	23	48726428	48274836	29629345	67371919	0.439788	0.613764	0.021427	0.021000	False	0.012867
HAP2_chr01	HAP3_chr02	11,13,15,17,19,23	23	48726428	47202783	5019423	90909788	0.055213	0.106337	0.098137	0.092844	False	0.080387
HAP2_chr01	HAP3_chr03	11,13,15,17,19,23	23	48726428	44724948	4781661	88669715	0.053927	0.106913	0.099109	0.092631	False	0.080700
HAP2_chr01	HAP3_chr04	11,13,15,17,19,23	23	48726428	41082189	2726115	87082502	0.031305	0.066358	0.121811	0.111254	False	0.108123
HAP2_chr01	HAP3_chr05	11,13,15,17,19,23	23	48726428	37728269	2357440	84097257	0.028032	0.062485	0.126474	0.113574	False	0.112985
HAP2_chr01	HAP3_chr06	11,13,15,17,19,23	23	48726428	40073292	2662442	86137278	0.030909	0.066439	0.122348	0.111206	False	0.108322
HAP2_chr01	HAP3_chr07	11,13,15,17,19,23	23	48726428	33876111	2237832	80364707	0.027846	0.066059	0.126756	0.111428	False	0.111846
HAP2_chr01	HAP3_chr08	11,13,15,17,19,23	23	48726428	36015017	2435287	82306158	0.029588	0.067619	0.124191	0.110526	False	0.109044
HAP2_chr01	HAP3_chr09	11,13,15,17,19,23	23	48726428	34974758	2660885	81040301	0.032834	0.076080	0.119802	0.105954	False	0.103437
HAP2_chr01	HAP3_chr10	11,13,15,17,19,23	23	48726428	34414061	2475424	80665065	0.030688	0.071931	0.122651	0.108132	False	0.107223
HAP2_chr01	HAP3_chr11	11,13,15,17,19,23	23	48726428	29847782	2033025	76541185	0.026561	0.068113	0.128755	0.110244	False	0.111323
HAP2_chr01	HAP3_chr12	11,13,15,17,19,23	23	48726428	32433415	2173774	78986069	0.027521	0.067023	0.127253	0.110868	False	0.109613
HAP2_chr01	HAP3_chr13	11,13,15,17,19,23	23	48726428	29733458	2015941	76443945	0.026371	0.067800	0.129059	0.110422	False	0.111307
HAP2_chr01	HAP3_chr14	11,13,15,17,19,23	23	48726428	29012809	2205881	75533356	0.029204	0.076031	0.124743	0.105979	False	0.106244
HAP2_chr01	HAP3_chr15	11,13,15,17,19,23	23	48726428	27875899	2083540	74518787	0.027960	0.074743	0.126583	0.106643	False	0.107813
HAP2_chr01	HAP4_chr01	11,13,15,17,19,23	23	48726428	41241440	24797732	65170136	0.380508	0.601282	0.025894	0.021874	False	0.015655
HAP2_chr01	HAP4_chr02	11,13,15,17,19,23	23	48726428	38993514	4211248	83508694	0.050429	0.107999	0.101880	0.092232	False	0.082498
HAP2_chr01	HAP4_chr03	11,13,15,17,19,23	23	48726428	43331636	4693241	87364823	0.053720	0.108310	0.099267	0.092119	False	0.080642
HAP2_chr01	HAP4_chr04	11,13,15,17,19,23	23	48726428	36662643	2560546	82828525	0.030914	0.069841	0.122341	0.109275	False	0.107291
HAP2_chr01	HAP4_chr05	11,13,15,17,19,23	23	48726428	41047945	2483728	87290645	0.028454	0.060508	0.125843	0.114812	False	0.113353
HAP2_chr01	HAP4_chr06	11,13,15,17,19,23	23	48726428	36617732	2492837	82851323	0.030088	0.068077	0.123484	0.110264	False	0.108536
HAP2_chr01	HAP4_chr07	11,13,15,17,19,23	23	48726428	34782765	2211178	81298015	0.027198	0.063571	0.127751	0.112910	False	0.112892
HAP2_chr01	HAP4_chr08	11,13,15,17,19,23	23	48726428	34895954	2469449	81152933	0.030430	0.070766	0.123007	0.108765	False	0.107451
HAP2_chr01	HAP4_chr09	11,13,15,17,19,23	23	48726428	31553840	2453840	77826428	0.031530	0.077767	0.121510	0.105102	False	0.103939
HAP2_chr01	HAP4_chr10	11,13,15,17,19,23	23	48726428	31025022	2321530	77429920	0.029982	0.074828	0.123632	0.106600	False	0.106505
HAP2_chr01	HAP4_chr11	11,13,15,17,19,23	23	48726428	29508763	2121640	76113551	0.027875	0.071899	0.126712	0.108149	False	0.109126
HAP2_chr01	HAP4_chr12	11,13,15,17,19,23	23	48726428	29184285	1988887	75921826	0.026197	0.068149	0.129341	0.110224	False	0.110263
HAP2_chr01	HAP4_chr13	11,13,15,17,19,23	23	48726428	28038087	1901999	74862516	0.025407	0.067836	0.130639	0.110402	False	0.112180
HAP2_chr01	HAP4_chr14	11,13,15,17,19,23	23	48726428	26946496	2155450	73517474	0.029319	0.079990	0.124577	0.104004	False	0.104811
HAP2_chr01	HAP4_chr15	11,13,15,17,19,23	23	48726428	24564508	2029260	71261676	0.028476	0.082609	0.125810	0.102748	False	0.105121
HAP2_chr02	HAP2_chr03	11,13,15,17,19,23	23	47240339	47366046	6235745	88370640	0.070564	0.132000	0.088099	0.084277	False	0.069828
HAP2_chr02	HAP2_chr04	11,13,15,17,19,23	23	47240339	37366764	2341853	82265250	0.028467	0.062672	0.125823	0.113459	False	0.111656
HAP2_chr02	HAP2_chr05	11,13,15,17,19,23	23	47240339	39538026	2344112	84434253	0.027763	0.059288	0.126883	0.115596	False	0.114277
HAP2_chr02	HAP2_chr06	11,13,15,17,19,23	23	47240339	35047506	2179918	80107927	0.027212	0.062199	0.127730	0.113751	False	0.112687
HAP2_chr02	HAP2_chr07	11,13,15,17,19,23	23	47240339	34737215	2045445	79932109	0.025590	0.058883	0.130334	0.115859	False	0.115534
HAP2_chr02	HAP2_chr08	11,13,15,17,19,23	23	47240339	34383664	2119326	79504677	0.026657	0.061638	0.128603	0.114100	False	0.113778
HAP2_chr02	HAP2_chr09	11,13,15,17,19,23	23	47240339	26492289	2157462	71575166	0.030143	0.081437	0.123407	0.103305	False	0.104154
HAP2_chr02	HAP2_chr10	11,13,15,17,19,23	23	47240339	34454945	2225866	79469418	0.028009	0.064602	0.126509	0.112289	False	0.111908
HAP2_chr02	HAP2_chr11	11,13,15,17,19,23	23	47240339	25845315	1848911	71236743	0.025954	0.071538	0.129734	0.108344	False	0.110660
HAP2_chr02	HAP2_chr12	11,13,15,17,19,23	23	47240339	32272788	1925416	77587711	0.024816	0.059661	0.131636	0.115355	False	0.114623
HAP2_chr02	HAP2_chr13	11,13,15,17,19,23	23	47240339	30726569	1952256	76014652	0.025683	0.063536	0.130181	0.112931	False	0.113365
HAP2_chr02	HAP2_chr14	11,13,15,17,19,23	23	47240339	29913583	2028622	75125300	0.027003	0.067816	0.128056	0.110413	False	0.110965
HAP2_chr02	HAP2_chr15	11,13,15,17,19,23	23	47240339	28531402	1923156	73848585	0.026042	0.067405	0.129592	0.110648	False	0.111941
HAP2_chr02	HAP3_chr01	11,13,15,17,19,23	23	47240339	48274836	4973425	90541750	0.054930	0.105279	0.098349	0.093238	False	0.080596
HAP2_chr02	HAP3_chr02	11,13,15,17,19,23	23	47240339	47202783	28951609	65491513	0.442067	0.613345	0.021271	0.021029	False	0.012457
HAP2_chr02	HAP3_chr03	11,13,15,17,19,23	23	47240339	44724948	5935271	86030016	0.068991	0.132706	0.089015	0.084065	False	0.070246
HAP2_chr02	HAP3_chr04	11,13,15,17,19,23	23	47240339	41082189	2454894	85867634	0.028589	0.059756	0.125642	0.115294	False	0.112771
HAP2_chr02	HAP3_chr05	11,13,15,17,19,23	23	47240339	37728269	2264249	82704359	0.027378	0.060015	0.127474	0.115127	False	0.114138
HAP2_chr02	HAP3_chr06	11,13,15,17,19,23	23	47240339	40073292	2346171	84967460	0.027613	0.058547	0.127112	0.116079	False	0.113845
HAP2_chr02	HAP3_chr07	11,13,15,17,19,23	23	47240339	33876111	2156533	78959917	0.027312	0.063659	0.127576	0.112856	False	0.112850
HAP2_chr02	HAP3_chr08	11,13,15,17,19,23	23	47240339	36015017	2147736	81107620	0.026480	0.059634	0.128885	0.115372	False	0.114291
HAP2_chr02	HAP3_chr09	11,13,15,17,19,23	23	47240339	34974758	2336344	79878753	0.029249	0.066801	0.124678	0.110996	False	0.109123
HAP2_chr02	HAP3_chr10	11,13,15,17,19,23	23	47240339	34414061	2193514	79460886	0.027605	0.063739	0.127124	0.112808	False	0.112543
HAP2_chr02	HAP3_chr11	11,13,15,17,19,23	23	47240339	29847782	1942251	75145870	0.025846	0.065072	0.129911	0.112009	False	0.112702
HAP2_chr02	HAP3_chr12	11,13,15,17,19,23	23	47240339	32433415	1965899	77707855	0.025299	0.060613	0.130819	0.114745	False	0.114127
HAP2_chr02	HAP3_chr13	11,13,15,17,19,23	23	47240339	29733458	1928340	75045457	0.025696	0.064854	0.130159	0.112139	False	0.112827
HAP2_chr02	HAP3_chr14	11,13,15,17,19,23	23	47240339	29012809	1951937	74301211	0.026271	0.067278	0.129221	0.110721	False	0.111448
HAP2_chr02	HAP3_chr15	11,13,15,17,19,23	23	47240339	27875899	1881691	73234547	0.025694	0.067502	0.130162	0.110592	False	0.112089
HAP2_chr02	HAP4_chr01	11,13,15,17,19,23	23	47240339	41241440	4441684	84040095	0.052852	0.107700	0.099940	0.092342	False	0.080848
HAP2_chr02	HAP4_chr02	11,13,15,17,19,23	23	47240339	38993514	23603959	62629894	0.376880	0.605330	0.026196	0.021589	False	0.015568
HAP2_chr02	HAP4_chr03	11,13,15,17,19,23	23	47240339	43331636	5764619	84807356	0.067973	0.133035	0.089620	0.083966	False	0.070634
HAP2_chr02	HAP4_chr04	11,13,15,17,19,23	23	47240339	36662643	2280573	81622409	0.027941	0.062204	0.126612	0.113748	False	0.112283
HAP2_chr02	HAP4_chr05	11,13,15,17,19,23	23	47240339	41047945	2361554	85926730	0.027483	0.057532	0.127310	0.116752	False	0.114782
HAP2_chr02	HAP4_chr06	11,13,15,17,19,23	23	47240339	36617732	2190212	81667859	0.026819	0.059813	0.128347	0.115257	False	0.114125
HAP2_chr02	HAP4_chr07	11,13,15,17,19,23	23	47240339	34782765	2163426	79859678	0.027090	0.062198	0.127920	0.113751	False	0.113343
HAP2_chr02	HAP4_chr08	11,13,15,17,19,23	23	47240339	34895954	2203318	79932975	0.027565	0.063140	0.127186	0.113172	False	0.112456
HAP2_chr02	HAP4_chr09	11,13,15,17,19,23	23	47240339	31553840	2235679	76558500	0.029202	0.070853	0.124746	0.108717	False	0.108346
HAP2_chr02	HAP4_chr10	11,13,15,17,19,23	23	47240339	31025022	2121260	76144101	0.027858	0.068373	0.126737	0.110097	False	0.110629
HAP2_chr02	HAP4_chr11	11,13,15,17,19,23	23	47240339	29508763	2084130	74664972	0.027913	0.070627	0.126654	0.108841	False	0.109536
HAP2_chr02	HAP4_chr12	11,13,15,17,19,23	23	47240339	29184285	1787749	74636875	0.023953	0.061257	0.133139	0.114339	False	0.115008
HAP2_chr02	HAP4_chr13	11,13,15,17,19,23	23	47240339	28038087	1837122	73441304	0.025015	0.065522	0.131298	0.111743	False	0.113203
HAP2_chr02	HAP4_chr14	11,13,15,17,19,23	23	47240339	26946496	1917100	72269735	0.026527	0.071145	0.128810	0.108558	False	0.109700
HAP2_chr02	HAP4_chr15	11,13,15,17,19,23	23	47240339	24564508	1800124	70004723	0.025714	0.073282	0.130128	0.107410	False	0.109989
HAP2_chr03	HAP2_chr04	11,13,15,17,19,23	23	47366046	37366764	2640955	82091855	0.032171	0.070677	0.120662	0.108814	False	0.105584
HAP2_chr03	HAP2_chr05	11,13,15,17,19,23	23	47366046	39538026	2368588	84535484	0.028019	0.059907	0.126494	0.115197	False	0.113166
HAP2_chr03	HAP2_chr06	11,13,15,17,19,23	23	47366046	35047506	2477145	79936407	0.030989	0.070680	0.122239	0.108812	False	0.106382
HAP2_chr03	HAP2_chr07	11,13,15,17,19,23	23	47366046	34737215	2080848	80022413	0.026003	0.059903	0.129655	0.115199	False	0.114370
HAP2_chr03	HAP2_chr08	11,13,15,17,19,23	23	47366046	34383664	2400584	79349126	0.030253	0.069818	0.123252	0.109287	False	0.107514
HAP2_chr03	HAP2_chr09	11,13,15,17,19,23	23	47366046	26492289	2393736	71464599	0.033495	0.090356	0.118963	0.099245	False	0.098606
HAP2_chr03	HAP2_chr10	11,13,15,17,19,23	23	47366046	34454945	2469149	79351842	0.031116	0.071663	0.122066	0.108276	False	0.106421
HAP2_chr03	HAP2_chr11	11,13,15,17,19,23	23	47366046	25845315	1878936	71332425	0.026341	0.072699	0.129109	0.107720	False	0.109381
HAP2_chr03	HAP2_chr12	11,13,15,17,19,23	23	47366046	32272788	2191758	77447076	0.028300	0.067914	0.126072	0.110358	False	0.108217
HAP2_chr03	HAP2_chr13	11,13,15,17,19,23	23	47366046	30726569	1971402	76121213	0.025898	0.064160	0.129826	0.112554	False	0.112216
HAP2_chr03	HAP2_chr14	11,13,15,17,19,23	23	47366046	29913583	2240622	75039007	0.029859	0.074903	0.123806	0.106560	False	0.105606
HAP2_chr03	HAP2_chr15	11,13,15,17,19,23	23	47366046	28531402	2132634	73764814	0.028911	0.074747	0.125169	0.106641	False	0.106429
HAP2_chr03	HAP3_chr01	11,13,15,17,19,23	23	47366046	48274836	4969876	90671006	0.054812	0.104925	0.098437	0.093371	False	0.080527
HAP2_chr03	HAP3_chr02	11,13,15,17,19,23	23	47366046	47202783	6169434	88399395	0.069790	0.130701	0.088547	0.084671	False	0.070167
HAP2_chr03	HAP3_chr03	11,13,15,17,19,23	23	47366046	44724948	26753651	65337343	0.409470	0.598182	0.023607	0.022094	False	0.013986
HAP2_chr03	HAP3_chr04	11,13,15,17,19,23	23	47366046	41082189	2829100	85619135	0.033043	0.068864	0.119535	0.109820	False	0.105806
HAP2_chr03	HAP3_chr05	11,13,15,17,19,23	23	47366046	37728269	2320636	82773679	0.028036	0.061509	0.126468	0.114181	False	0.112697
HAP2_chr03	HAP3_chr06	11,13,15,17,19,23	23	47366046	40073292	2609408	84829930	0.030760	0.065116	0.122551	0.111983	False	0.108284
HAP2_chr03	HAP3_chr07	11,13,15,17,19,23	23	47366046	33876111	2252701	78989456	0.028519	0.066498	0.125746	0.111172	False	0.110732
HAP2_chr03	HAP3_chr08	11,13,15,17,19,23	23	47366046	36015017	2418786	80962277	0.029875	0.067160	0.123783	0.110789	False	0.108352
HAP2_chr03	HAP3_chr09	11,13,15,17,19,23	23	47366046	34974758	2663626	79677178	0.033430	0.076159	0.119045	0.105914	False	0.102704
HAP2_chr03	HAP3_chr10	11,13,15,17,19,23	23	47366046	34414061	2482620	79297487	0.031308	0.072140	0.121807	0.108019	False	0.106263
HAP2_chr03	HAP3_chr11	11,13,15,17,19,23	23	47366046	29847782	1963582	75250246	0.026094	0.065787	0.129507	0.111588	False	0.111803
HAP2_chr03	HAP3_chr12	11,13,15,17,19,23	23	47366046	32433415	2215333	77584128	0.028554	0.068304	0.125694	0.110136	False	0.108242
HAP2_chr03	HAP3_chr13	11,13,15,17,19,23	23	47366046	29733458	2021344	75078160	0.026923	0.067982	0.128182	0.110319	False	0.110506
HAP2_chr03	HAP3_chr14	11,13,15,17,19,23	23	47366046	29012809	2192078	74186777	0.029548	0.075556	0.124248	0.106223	False	0.105535
HAP2_chr03	HAP3_chr15	11,13,15,17,19,23	23	47366046	27875899	2089668	73152277	0.028566	0.074963	0.125676	0.106529	False	0.106641
HAP2_chr03	HAP4_chr01	11,13,15,17,19,23	23	47366046	41241440	4433206	84174280	0.052667	0.107494	0.100085	0.092417	False	0.080789
HAP2_chr03	HAP4_chr02	11,13,15,17,19,23	23	47366046	38993514	5164955	81194605	0.063612	0.132457	0.092325	0.084140	False	0.072467
HAP2_chr03	HAP4_chr03	11,13,15,17,19,23	23	47366046	43331636	26097416	64600266	0.403983	0.602272	0.024024	0.021804	False	0.014233
HAP2_chr03	HAP4_chr04	11,13,15,17,19,23	23	47366046	36662643	2560905	81467784	0.031435	0.069851	0.121637	0.109269	False	0.106233
HAP2_chr03	HAP4_chr05	11,13,15,17,19,23	23	47366046	41047945	2444913	85969078	0.028439	0.059562	0.125864	0.115418	False	0.112890
HAP2_chr03	HAP4_chr06	11,13,15,17,19,23	23	47366046	36617732	2472423	81511355	0.030332	0.067520	0.123143	0.110582	False	0.108184
HAP2_chr03	HAP4_chr07	11,13,15,17,19,23	23	47366046	34782765	2230721	79918090	0.027913	0.064133	0.126655	0.112570	False	0.111706
HAP2_chr03	HAP4_chr08	11,13,15,17,19,23	23	47366046	34895954	2440896	79821104	0.030580	0.069948	0.122800	0.109215	False	0.107060
HAP2_chr03	HAP4_chr09	11,13,15,17,19,23	23	47366046	31553840	2457949	76461937	0.032146	0.077897	0.120694	0.105037	False	0.103151
HAP2_chr03	HAP4_chr10	11,13,15,17,19,23	23	47366046	31025022	2319315	76071753	0.030489	0.074756	0.122926	0.106637	False	0.105484
HAP2_chr03	HAP4_chr11	11,13,15,17,19,23	23	47366046	29508763	2152837	74721972	0.028811	0.072956	0.125315	0.107583	False	0.107802
HAP2_chr03	HAP4_chr12	11,13,15,17,19,23	23	47366046	29184285	2038222	74512109	0.027354	0.069840	0.127510	0.109275	False	0.108642
HAP2_chr03	HAP4_chr13	11,13,15,17,19,23	23	47366046	28038087	1867498	73536635	0.025395	0.066606	0.130657	0.111109	False	0.111877
HAP2_chr03	HAP4_chr14	11,13,15,17,19,23	23	47366046	26946496	2134467	72178075	0.029572	0.079211	0.124214	0.104385	False	0.104008
HAP2_chr03	HAP4_chr15	11,13,15,17,19,23	23	47366046	24564508	2003585	69926969	0.028653	0.081564	0.125549	0.103245	False	0.104434
HAP2_chr04	HAP2_chr05	11,13,15,17,19,23	23	37366764	39538026	3384222	73520568	0.046031	0.090568	0.105665	0.099153	False	0.086615
HAP2_chr04	HAP2_chr06	11,13,15,17,19,23	23	37366764	35047506	2714991	69699279	0.038953	0.077466	0.112629	0.105253	False	0.091919
HAP2_chr04	HAP2_chr07	11,13,15,17,19,23	23	37366764	34737215	3231798	68872181	0.046925	0.093036	0.104866	0.098099	False	0.083534
HAP2_chr04	HAP2_chr08	11,13,15,17,19,23	23	37366764	34383664	2816081	68934347	0.040852	0.081902	0.110639	0.103084	False	0.089736
HAP2_chr04	HAP2_chr09	11,13,15,17,19,23	23	37366764	26492289	2121475	61737578	0.034363	0.080079	0.117888	0.103961	False	0.095996
HAP2_chr04	HAP2_chr10	11,13,15,17,19,23	23	37366764	34454945	2243283	69578426	0.032241	0.065108	0.120570	0.111988	False	0.103110
HAP2_chr04	HAP2_chr11	11,13,15,17,19,23	23	37366764	25845315	1673540	61538539	0.027195	0.064752	0.127757	0.112199	False	0.106588
HAP2_chr04	HAP2_chr12	11,13,15,17,19,23	23	37366764	32272788	2000481	67639071	0.029576	0.061987	0.124209	0.113883	False	0.104272
HAP2_chr04	HAP2_chr13	11,13,15,17,19,23	23	37366764	30726569	1751590	66341743	0.026403	0.057006	0.129009	0.117104	False	0.109918
HAP2_chr04	HAP2_chr14	11,13,15,17,19,23	23	37366764	29913583	2002113	65278234	0.030670	0.066930	0.122675	0.110922	False	0.102864
HAP2_chr04	HAP2_chr15	11,13,15,17,19,23	23	37366764	28531402	1927869	63970297	0.030137	0.067570	0.123415	0.110554	False	0.103268
HAP2_chr04	HAP3_chr01	11,13,15,17,19,23	23	37366764	48274836	2623870	83017730	0.031606	0.070219	0.121408	0.109065	False	0.106368
HAP2_chr04	HAP3_chr02	11,13,15,17,19,23	23	37366764	47202783	2318128	82251419	0.028183	0.062037	0.126246	0.113851	False	0.111902
HAP2_chr04	HAP3_chr03	11,13,15,17,19,23	23	37366764	44724948	2512533	79579179	0.031573	0.067240	0.121452	0.110743	False	0.106007
HAP2_chr04	HAP3_chr04	11,13,15,17,19,23	23	37366764	41082189	21551369	56897584	0.378775	0.576752	0.026037	0.023644	False	0.014731
HAP2_chr04	HAP3_chr05	11,13,15,17,19,23	23	37366764	37728269	3188618	71906415	0.044344	0.085333	0.107218	0.101482	False	0.088143
HAP2_chr04	HAP3_chr06	11,13,15,17,19,23	23	37366764	40073292	2853216	74586840	0.038254	0.076357	0.113387	0.105813	False	0.094319
HAP2_chr04	HAP3_chr07	11,13,15,17,19,23	23	37366764	33876111	3369878	67872997	0.049650	0.099477	0.102525	0.095471	False	0.080952
HAP2_chr04	HAP3_chr08	11,13,15,17,19,23	23	37366764	36015017	2936381	70445400	0.041683	0.081532	0.109798	0.103260	False	0.088717
HAP2_chr04	HAP3_chr09	11,13,15,17,19,23	23	37366764	34974758	2339088	70002434	0.033414	0.066879	0.119065	0.110951	False	0.100732
HAP2_chr04	HAP3_chr10	11,13,15,17,19,23	23	37366764	34414061	2200960	69579865	0.031632	0.063955	0.121373	0.112677	False	0.103831
HAP2_chr04	HAP3_chr11	11,13,15,17,19,23	23	37366764	29847782	1767424	65447122	0.027005	0.059215	0.128053	0.115644	False	0.108750
HAP2_chr04	HAP3_chr12	11,13,15,17,19,23	23	37366764	32433415	2005008	67795171	0.029574	0.061819	0.124210	0.113987	False	0.104480
HAP2_chr04	HAP3_chr13	11,13,15,17,19,23	23	37366764	29733458	1757153	65343069	0.026891	0.059097	0.128232	0.115720	False	0.108825
HAP2_chr04	HAP3_chr14	11,13,15,17,19,23	23	37366764	29012809	1974458	64405115	0.030657	0.068055	0.122693	0.110277	False	0.102441
HAP2_chr04	HAP3_chr15	11,13,15,17,19,23	23	37366764	27875899	1869066	63373597	0.029493	0.067050	0.124327	0.110853	False	0.103850
HAP2_chr04	HAP4_chr01	11,13,15,17,19,23	23	37366764	41241440	2378271	76229933	0.031199	0.063647	0.121955	0.112864	False	0.106073
HAP2_chr04	HAP4_chr02	11,13,15,17,19,23	23	37366764	38993514	2214236	74146042	0.029863	0.059257	0.123800	0.115616	False	0.108120
HAP2_chr04	HAP4_chr03	11,13,15,17,19,23	23	37366764	43331636	2549676	78148724	0.032626	0.068234	0.120070	0.110176	False	0.104347
HAP2_chr04	HAP4_chr04	11,13,15,17,19,23	23	37366764	36662643	19535988	54493419	0.358502	0.532858	0.027785	0.026998	False	0.015809
HAP2_chr04	HAP4_chr05	11,13,15,17,19,23	23	37366764	41047945	3646264	74768445	0.048767	0.097580	0.103268	0.096227	False	0.084379
HAP2_chr04	HAP4_chr06	11,13,15,17,19,23	23	37366764	36617732	2690092	71294404	0.037732	0.073464	0.113962	0.107314	False	0.094397
HAP2_chr04	HAP4_chr07	11,13,15,17,19,23	23	37366764	34782765	3252839	68896690	0.047213	0.093519	0.104612	0.097896	False	0.083490
HAP2_chr04	HAP4_chr08	11,13,15,17,19,23	23	37366764	34895954	2925742	69336976	0.042196	0.083842	0.109288	0.102170	False	0.088130
HAP2_chr04	HAP4_chr09	11,13,15,17,19,23	23	37366764	31553840	2156984	66763620	0.032308	0.068359	0.120482	0.110105	False	0.101176
HAP2_chr04	HAP4_chr10	11,13,15,17,19,23	23	37366764	31025022	2129533	66262253	0.032138	0.068639	0.120704	0.109946	False	0.101739
HAP2_chr04	HAP4_chr11	11,13,15,17,19,23	23	37366764	29508763	1867026	65008501	0.028720	0.063270	0.125450	0.113093	False	0.106105
HAP2_chr04	HAP4_chr12	11,13,15,17,19,23	23	37366764	29184285	1831970	64719079	0.028306	0.062772	0.126062	0.113397	False	0.105040
HAP2_chr04	HAP4_chr13	11,13,15,17,19,23	23	37366764	28038087	1689829	63715022	0.026522	0.060269	0.128818	0.114965	False	0.108835
HAP2_chr04	HAP4_chr14	11,13,15,17,19,23	23	37366764	26946496	1949623	62363637	0.031262	0.072352	0.121869	0.107906	False	0.100342
HAP2_chr04	HAP4_chr15	11,13,15,17,19,23	23	37366764	24564508	1793496	60137776	0.029823	0.073012	0.123857	0.107553	False	0.101527
HAP2_chr05	HAP2_chr06	11,13,15,17,19,23	23	39538026	35047506	3372354	71213178	0.047356	0.096222	0.104486	0.096778	False	0.082601
HAP2_chr05	HAP2_chr07	11,13,15,17,19,23	23	39538026	34737215	1895442	72379799	0.026187	0.054565	0.129356	0.118782	False	0.113784
HAP2_chr05	HAP2_chr08	11,13,15,17,19,23	23	39538026	34383664	2124352	71797338	0.029588	0.061784	0.124191	0.114009	False	0.107344
HAP2_chr05	HAP2_chr09	11,13,15,17,19,23	23	39538026	26492289	1915153	64115162	0.029871	0.072291	0.123790	0.107938	False	0.103847
HAP2_chr05	HAP2_chr10	11,13,15,17,19,23	23	39538026	34454945	3707637	70285334	0.052751	0.107608	0.100019	0.092375	False	0.079196
HAP2_chr05	HAP2_chr11	11,13,15,17,19,23	23	39538026	25845315	1663979	63719362	0.026114	0.064382	0.129474	0.112421	False	0.109846
HAP2_chr05	HAP2_chr12	11,13,15,17,19,23	23	39538026	32272788	1822515	69988299	0.026040	0.056472	0.129594	0.117465	False	0.112044
HAP2_chr05	HAP2_chr13	11,13,15,17,19,23	23	39538026	30726569	1745974	68518621	0.025482	0.056823	0.130513	0.117227	False	0.112692
HAP2_chr05	HAP2_chr14	11,13,15,17,19,23	23	39538026	29913583	1854803	67596806	0.027439	0.062005	0.127378	0.113871	False	0.109501
HAP2_chr05	HAP2_chr15	11,13,15,17,19,23	23	39538026	28531402	1776283	66293145	0.026794	0.062257	0.128385	0.113715	False	0.110241
HAP2_chr05	HAP3_chr01	11,13,15,17,19,23	23	39538026	48274836	2390220	85422642	0.027981	0.060454	0.126551	0.114847	False	0.113479
HAP2_chr05	HAP3_chr02	11,13,15,17,19,23	23	39538026	47202783	2337100	84403709	0.027690	0.059110	0.126994	0.115711	False	0.114324
HAP2_chr05	HAP3_chr03	11,13,15,17,19,23	23	39538026	44724948	2270570	81992404	0.027692	0.057428	0.126990	0.116821	False	0.113272
HAP2_chr05	HAP3_chr04	11,13,15,17,19,23	23	39538026	41082189	3601763	77018452	0.046765	0.091096	0.105008	0.098925	False	0.087088
HAP2_chr05	HAP3_chr05	11,13,15,17,19,23	23	39538026	37728269	22280683	54985612	0.405209	0.590557	0.023930	0.022639	False	0.013386
HAP2_chr05	HAP3_chr06	11,13,15,17,19,23	23	39538026	40073292	3908817	75702501	0.051634	0.098862	0.100903	0.095714	False	0.079860
HAP2_chr05	HAP3_chr07	11,13,15,17,19,23	23	39538026	33876111	1984122	71430015	0.027777	0.058570	0.126861	0.116064	False	0.111363
HAP2_chr05	HAP3_chr08	11,13,15,17,19,23	23	39538026	36015017	2135064	73417979	0.029081	0.059283	0.124921	0.115599	False	0.108392
HAP2_chr05	HAP3_chr09	11,13,15,17,19,23	23	39538026	34974758	2097342	72415442	0.028963	0.059967	0.125094	0.115158	False	0.108590
HAP2_chr05	HAP3_chr10	11,13,15,17,19,23	23	39538026	34414061	3663553	70288534	0.052122	0.106455	0.100515	0.092800	False	0.079604
HAP2_chr05	HAP3_chr11	11,13,15,17,19,23	23	39538026	29847782	1749445	67636363	0.025865	0.058612	0.129880	0.116037	False	0.111919
HAP2_chr05	HAP3_chr12	11,13,15,17,19,23	23	39538026	32433415	1806075	70165366	0.025740	0.055686	0.130085	0.118003	False	0.112705
HAP2_chr05	HAP3_chr13	11,13,15,17,19,23	23	39538026	29733458	1741721	67529763	0.025792	0.058578	0.130001	0.116059	False	0.111782
HAP2_chr05	HAP3_chr14	11,13,15,17,19,23	23	39538026	29012809	1807255	66743580	0.027078	0.062292	0.127940	0.113694	False	0.109588
HAP2_chr05	HAP3_chr15	11,13,15,17,19,23	23	39538026	27875899	1707667	65706258	0.025989	0.061260	0.129677	0.114337	False	0.110942
HAP2_chr05	HAP4_chr01	11,13,15,17,19,23	23	39538026	41241440	2156358	78623108	0.027427	0.054539	0.127398	0.118801	False	0.113441
HAP2_chr05	HAP4_chr02	11,13,15,17,19,23	23	39538026	38993514	2223237	76308303	0.029135	0.057016	0.124843	0.117097	False	0.110761
HAP2_chr05	HAP4_chr03	11,13,15,17,19,23	23	39538026	43331636	2334673	80534989	0.028990	0.059049	0.125054	0.115751	False	0.111305
HAP2_chr05	HAP4_chr04	11,13,15,17,19,23	23	39538026	36662643	2989715	73210954	0.040837	0.081547	0.110654	0.103253	False	0.092520
HAP2_chr05	HAP4_chr05	11,13,15,17,19,23	23	39538026	41047945	25402332	55183639	0.460324	0.642479	0.020058	0.019052	False	0.010977
HAP2_chr05	HAP4_chr06	11,13,15,17,19,23	23	39538026	36617732	3663946	72491812	0.050543	0.100059	0.101787	0.095241	False	0.080284
HAP2_chr05	HAP4_chr07	11,13,15,17,19,23	23	39538026	34782765	1987137	72333654	0.027472	0.057130	0.127328	0.117021	False	0.111992
HAP2_chr05	HAP4_chr08	11,13,15,17,19,23	23	39538026	34895954	2148841	72285139	0.029727	0.061579	0.123993	0.114137	False	0.107150
HAP2_chr05	HAP4_chr09	11,13,15,17,19,23	23	39538026	31553840	1942994	69148872	0.028099	0.061577	0.126374	0.114138	False	0.108896
HAP2_chr05	HAP4_chr10	11,13,15,17,19,23	23	39538026	31025022	3216168	67346880	0.047755	0.103664	0.104138	0.093848	False	0.082545
HAP2_chr05	HAP4_chr11	11,13,15,17,19,23	23	39538026	29508763	1923811	67122978	0.028661	0.065195	0.125536	0.111937	False	0.107861
HAP2_chr05	HAP4_chr12	11,13,15,17,19,23	23	39538026	29184285	1629429	67092882	0.024286	0.055832	0.132552	0.117902	False	0.113630
HAP2_chr05	HAP4_chr13	11,13,15,17,19,23	23	39538026	28038087	1686945	65889168	0.025603	0.060166	0.130313	0.115030	False	0.111584
HAP2_chr05	HAP4_chr14	11,13,15,17,19,23	23	39538026	26946496	1781089	64703433	0.027527	0.066097	0.127243	0.111405	False	0.107750
HAP2_chr05	HAP4_chr15	11,13,15,17,19,23	23	39538026	24564508	1633766	62468768	0.026153	0.066509	0.129411	0.111165	False	0.108744
HAP2_chr06	HAP2_chr07	11,13,15,17,19,23	23	35047506	34737215	1828346	67956375	0.026905	0.052634	0.128211	0.120162	False	0.109766
HAP2_chr06	HAP2_chr08	11,13,15,17,19,23	23	35047506	34383664	2049313	67381857	0.030413	0.059601	0.123030	0.115393	False	0.104703
HAP2_chr06	HAP2_chr09	11,13,15,17,19,23	23	35047506	26492289	2022560	59517235	0.033983	0.076345	0.118355	0.105819	False	0.095785
HAP2_chr06	HAP2_chr10	11,13,15,17,19,23	23	35047506	34454945	2784360	66718091	0.041733	0.080812	0.109748	0.103606	False	0.088083
HAP2_chr06	HAP2_chr11	11,13,15,17,19,23	23	35047506	25845315	1601703	59291118	0.027014	0.061973	0.128039	0.113891	False	0.106432
HAP2_chr06	HAP2_chr12	11,13,15,17,19,23	23	35047506	32272788	1812318	65507976	0.027666	0.056156	0.127031	0.117680	False	0.106651
HAP2_chr06	HAP2_chr13	11,13,15,17,19,23	23	35047506	30726569	1652120	64121955	0.025765	0.053768	0.130044	0.119346	False	0.110187
HAP2_chr06	HAP2_chr14	11,13,15,17,19,23	23	35047506	29913583	1906278	63054811	0.030232	0.063726	0.123282	0.112816	False	0.102859
HAP2_chr06	HAP2_chr15	11,13,15,17,19,23	23	35047506	28531402	1826843	61752065	0.029584	0.064029	0.124198	0.112633	False	0.103666
HAP2_chr06	HAP3_chr01	11,13,15,17,19,23	23	35047506	48274836	2492651	80829691	0.030838	0.071122	0.122444	0.108570	False	0.106296
HAP2_chr06	HAP3_chr02	11,13,15,17,19,23	23	35047506	47202783	2195110	80055179	0.027420	0.062632	0.127408	0.113483	False	0.112284
HAP2_chr06	HAP3_chr03	11,13,15,17,19,23	23	35047506	44724948	2334463	77437991	0.030146	0.066609	0.123402	0.111108	False	0.107008
HAP2_chr06	HAP3_chr04	11,13,15,17,19,23	23	35047506	41082189	2800256	73329439	0.038187	0.079899	0.113460	0.104049	False	0.093971
HAP2_chr06	HAP3_chr05	11,13,15,17,19,23	23	35047506	37728269	3238007	69537768	0.046565	0.092389	0.105186	0.098373	False	0.083108
HAP2_chr06	HAP3_chr06	11,13,15,17,19,23	23	35047506	40073292	21713369	53407429	0.406561	0.619541	0.023827	0.020601	False	0.012953
HAP2_chr06	HAP3_chr07	11,13,15,17,19,23	23	35047506	33876111	1961091	66962526	0.029286	0.057890	0.124624	0.116513	False	0.106301
HAP2_chr06	HAP3_chr08	11,13,15,17,19,23	23	35047506	36015017	2026862	69035661	0.029360	0.057832	0.124518	0.116552	False	0.106380
HAP2_chr06	HAP3_chr09	11,13,15,17,19,23	23	35047506	34974758	2226515	67795749	0.032842	0.063661	0.119793	0.112855	False	0.100698
HAP2_chr06	HAP3_chr10	11,13,15,17,19,23	23	35047506	34414061	2754384	66707183	0.041291	0.080037	0.110193	0.103982	False	0.088463
HAP2_chr06	HAP3_chr11	11,13,15,17,19,23	23	35047506	29847782	1660385	63234903	0.026257	0.055628	0.129243	0.118042	False	0.109156
HAP2_chr06	HAP3_chr12	11,13,15,17,19,23	23	35047506	32433415	1866477	65614444	0.028446	0.057548	0.125854	0.116741	False	0.105926
HAP2_chr06	HAP3_chr13	11,13,15,17,19,23	23	35047506	29733458	1708995	63071969	0.027096	0.057477	0.127911	0.116788	False	0.107908
HAP2_chr06	HAP3_chr14	11,13,15,17,19,23	23	35047506	29012809	1879945	62180370	0.030234	0.064797	0.123280	0.112173	False	0.102520
HAP2_chr06	HAP3_chr15	11,13,15,17,19,23	23	35047506	27875899	1779830	61143575	0.029109	0.063848	0.124881	0.112742	False	0.103845
HAP2_chr06	HAP4_chr01	11,13,15,17,19,23	23	35047506	41241440	2273575	74015371	0.030718	0.064871	0.122610	0.112129	False	0.105741
HAP2_chr06	HAP4_chr02	11,13,15,17,19,23	23	35047506	38993514	2063761	71977259	0.028672	0.058885	0.125519	0.115858	False	0.109005
HAP2_chr06	HAP4_chr03	11,13,15,17,19,23	23	35047506	43331636	2353254	76025888	0.030953	0.067145	0.122287	0.110798	False	0.105654
HAP2_chr06	HAP4_chr04	11,13,15,17,19,23	23	35047506	36662643	2543712	69166437	0.036777	0.072579	0.115037	0.107784	False	0.094890
HAP2_chr06	HAP4_chr05	11,13,15,17,19,23	23	35047506	41047945	3408600	72686851	0.046894	0.097257	0.104893	0.096358	False	0.083390
HAP2_chr06	HAP4_chr06	11,13,15,17,19,23	23	35047506	36617732	19650043	52015195	0.377775	0.560669	0.026121	0.024844	False	0.014446
HAP2_chr06	HAP4_chr07	11,13,15,17,19,23	23	35047506	34782765	1898637	67931634	0.027949	0.054586	0.126599	0.118768	False	0.108370
HAP2_chr06	HAP4_chr08	11,13,15,17,19,23	23	35047506	34895954	2062416	67881044	0.030383	0.059102	0.123072	0.115717	False	0.104697
HAP2_chr06	HAP4_chr09	11,13,15,17,19,23	23	35047506	31553840	2046795	64554551	0.031706	0.064867	0.121274	0.112131	False	0.101041
HAP2_chr06	HAP4_chr10	11,13,15,17,19,23	23	35047506	31025022	2491700	63580828	0.039189	0.080313	0.112376	0.103848	False	0.089905
HAP2_chr06	HAP4_chr11	11,13,15,17,19,23	23	35047506	29508763	1784447	62771822	0.028428	0.060472	0.125882	0.114835	False	0.106025
HAP2_chr06	HAP4_chr12	11,13,15,17,19,23	23	35047506	29184285	1672101	62559690	0.026728	0.057295	0.128490	0.116910	False	0.107071
HAP2_chr06	HAP4_chr13	11,13,15,17,19,23	23	35047506	28038087	1580586	61505007	0.025698	0.056373	0.130154	0.117533	False	0.109233
HAP2_chr06	HAP4_chr14	11,13,15,17,19,23	23	35047506	26946496	1837045	60156957	0.030538	0.068174	0.122858	0.110210	False	0.100905
HAP2_chr06	HAP4_chr15	11,13,15,17,19,23	23	35047506	24564508	1712471	57899543	0.029577	0.069713	0.124208	0.109345	False	0.101475
HAP2_chr07	HAP2_chr08	11,13,15,17,19,23	23	34737215	34383664	3132189	65988690	0.047466	0.091095	0.104390	0.098926	False	0.080737
HAP2_chr07	HAP2_chr09	11,13,15,17,19,23	23	34737215	26492289	1678948	59550556	0.028194	0.063375	0.126231	0.113029	False	0.104533
HAP2_chr07	HAP2_chr10	11,13,15,17,19,23	23	34737215	34454945	2518404	66673756	0.037772	0.073093	0.113918	0.107510	False	0.093350
HAP2_chr07	HAP2_chr11	11,13,15,17,19,23	23	34737215	25845315	1469649	59112881	0.024862	0.056863	0.131558	0.117200	False	0.110274
HAP2_chr07	HAP2_chr12	11,13,15,17,19,23	23	34737215	32272788	1685093	65324910	0.025796	0.052214	0.129995	0.120468	False	0.109719
HAP2_chr07	HAP2_chr13	11,13,15,17,19,23	23	34737215	30726569	1547620	63916164	0.024213	0.050367	0.132680	0.121844	False	0.113262
HAP2_chr07	HAP2_chr14	11,13,15,17,19,23	23	34737215	29913583	1620715	63030083	0.025713	0.054180	0.130130	0.119054	False	0.110323
HAP2_chr07	HAP2_chr15	11,13,15,17,19,23	23	34737215	28531402	1538932	61729685	0.024930	0.053938	0.131441	0.119225	False	0.111392
HAP2_chr07	HAP3_chr01	11,13,15,17,19,23	23	34737215	48274836	2089067	80922984	0.025815	0.060139	0.129962	0.115048	False	0.114627
HAP2_chr07	HAP3_chr02	11,13,15,17,19,23	23	34737215	47202783	2027099	79912899	0.025366	0.058355	0.130706	0.116205	False	0.115679
HAP2_chr07	HAP3_chr03	11,13,15,17,19,23	23	34737215	44724948	1971397	77490766	0.025440	0.056752	0.130582	0.117276	False	0.114755
HAP2_chr07	HAP3_chr04	11,13,15,17,19,23	23	34737215	41082189	3677863	72141541	0.050981	0.105877	0.101429	0.093015	False	0.080554
HAP2_chr07	HAP3_chr05	11,13,15,17,19,23	23	34737215	37728269	1817889	70647595	0.025732	0.052333	0.130099	0.120381	False	0.114055
HAP2_chr07	HAP3_chr06	11,13,15,17,19,23	23	34737215	40073292	1932511	72877996	0.026517	0.055632	0.128826	0.118040	False	0.111872
HAP2_chr07	HAP3_chr07	11,13,15,17,19,23	23	34737215	33876111	20077850	48535476	0.413674	0.592685	0.023292	0.022486	False	0.012033
HAP2_chr07	HAP3_chr08	11,13,15,17,19,23	23	34737215	36015017	3288681	67463551	0.048748	0.094673	0.103285	0.097415	False	0.079878
HAP2_chr07	HAP3_chr09	11,13,15,17,19,23	23	34737215	34974758	1836060	67875913	0.027050	0.052856	0.127983	0.120001	False	0.109669
HAP2_chr07	HAP3_chr10	11,13,15,17,19,23	23	34737215	34414061	2521779	66629497	0.037848	0.073278	0.113834	0.107412	False	0.093256
HAP2_chr07	HAP3_chr11	11,13,15,17,19,23	23	34737215	29847782	1576127	63008870	0.025014	0.052805	0.131298	0.120037	False	0.111812
HAP2_chr07	HAP3_chr12	11,13,15,17,19,23	23	34737215	32433415	1720454	65450176	0.026286	0.053046	0.129196	0.119864	False	0.109422
HAP2_chr07	HAP3_chr13	11,13,15,17,19,23	23	34737215	29733458	1541671	62929002	0.024499	0.051850	0.132182	0.120736	False	0.112394
HAP2_chr07	HAP3_chr14	11,13,15,17,19,23	23	34737215	29012809	1588282	62161742	0.025551	0.054744	0.130399	0.118657	False	0.110143
HAP2_chr07	HAP3_chr15	11,13,15,17,19,23	23	34737215	27875899	1499516	61113598	0.024537	0.053793	0.132117	0.119328	False	0.111740
HAP2_chr07	HAP4_chr01	11,13,15,17,19,23	23	34737215	41241440	1870497	74108158	0.025240	0.053847	0.130917	0.119290	False	0.114695
HAP2_chr07	HAP4_chr02	11,13,15,17,19,23	23	34737215	38993514	1904116	71826613	0.026510	0.054815	0.128837	0.118607	False	0.112560
HAP2_chr07	HAP4_chr03	11,13,15,17,19,23	23	34737215	43331636	2030679	76038172	0.026706	0.058458	0.128525	0.116138	False	0.112634
HAP2_chr07	HAP4_chr04	11,13,15,17,19,23	23	34737215	36662643	3586229	67813629	0.052884	0.103239	0.099915	0.094010	False	0.077672
HAP2_chr07	HAP4_chr05	11,13,15,17,19,23	23	34737215	41047945	1894009	73891151	0.025632	0.054524	0.130263	0.118811	False	0.114785
HAP2_chr07	HAP4_chr06	11,13,15,17,19,23	23	34737215	36617732	1862948	69491999	0.026808	0.053630	0.128363	0.119444	False	0.110867
HAP2_chr07	HAP4_chr07	11,13,15,17,19,23	23	34737215	34782765	20636713	48883267	0.422163	0.594081	0.022669	0.022386	False	0.011717
HAP2_chr07	HAP4_chr08	11,13,15,17,19,23	23	34737215	34895954	3165401	66467768	0.047623	0.091124	0.104253	0.098913	False	0.080910
HAP2_chr07	HAP4_chr09	11,13,15,17,19,23	23	34737215	31553840	1704657	64586398	0.026393	0.054024	0.129024	0.119164	False	0.109674
HAP2_chr07	HAP4_chr10	11,13,15,17,19,23	23	34737215	31025022	2448071	63314166	0.038665	0.078906	0.112939	0.104536	False	0.090899
HAP2_chr07	HAP4_chr11	11,13,15,17,19,23	23	34737215	29508763	1621016	62624962	0.025885	0.054933	0.129849	0.118524	False	0.110163
HAP2_chr07	HAP4_chr12	11,13,15,17,19,23	23	34737215	29184285	1556114	62365386	0.024952	0.053320	0.131405	0.119666	False	0.110123
HAP2_chr07	HAP4_chr13	11,13,15,17,19,23	23	34737215	28038087	1510335	61264967	0.024653	0.053867	0.131917	0.119275	False	0.111698
HAP2_chr07	HAP4_chr14	11,13,15,17,19,23	23	34737215	26946496	1526113	60157598	0.025369	0.056635	0.130702	0.117355	False	0.109322
HAP2_chr07	HAP4_chr15	11,13,15,17,19,23	23	34737215	24564508	1413360	57888363	0.024415	0.057537	0.132327	0.116748	False	0.110159
HAP2_chr08	HAP2_chr09	11,13,15,17,19,23	23	34383664	26492289	1950114	58925839	0.033094	0.073611	0.119470	0.107236	False	0.097130
HAP2_chr08	HAP2_chr10	11,13,15,17,19,23	23	34383664	34454945	2437166	66401443	0.036704	0.070882	0.115121	0.108702	False	0.094596
HAP2_chr08	HAP2_chr11	11,13,15,17,19,23	23	34383664	25845315	1547265	58681714	0.026367	0.059866	0.129066	0.115223	False	0.107718
HAP2_chr08	HAP2_chr12	11,13,15,17,19,23	23	34383664	32272788	1762328	64894124	0.027157	0.054607	0.127816	0.118753	False	0.107807
HAP2_chr08	HAP2_chr13	11,13,15,17,19,23	23	34383664	30726569	1589942	63520291	0.025030	0.051745	0.131271	0.120813	False	0.111746
HAP2_chr08	HAP2_chr14	11,13,15,17,19,23	23	34383664	29913583	1819745	62477502	0.029126	0.060833	0.124855	0.114606	False	0.104749
HAP2_chr08	HAP2_chr15	11,13,15,17,19,23	23	34383664	28531402	1740705	61174361	0.028455	0.061010	0.125841	0.114494	False	0.105380
HAP2_chr08	HAP3_chr01	11,13,15,17,19,23	23	34383664	48274836	2422151	80236349	0.030188	0.070445	0.123344	0.108941	False	0.107621
HAP2_chr08	HAP3_chr02	11,13,15,17,19,23	23	34383664	47202783	2138127	79448320	0.026912	0.062184	0.128199	0.113760	False	0.113324
HAP2_chr08	HAP3_chr03	11,13,15,17,19,23	23	34383664	44724948	2283640	76824972	0.029725	0.066416	0.123996	0.111219	False	0.107913
HAP2_chr08	HAP3_chr04	11,13,15,17,19,23	23	34383664	41082189	3145909	72319944	0.043500	0.091494	0.108019	0.098754	False	0.087100
HAP2_chr08	HAP3_chr05	11,13,15,17,19,23	23	34383664	37728269	2082696	70029237	0.029740	0.060572	0.123974	0.114772	False	0.106581
HAP2_chr08	HAP3_chr06	11,13,15,17,19,23	23	34383664	40073292	2128965	72327991	0.029435	0.061918	0.124410	0.113925	False	0.107459
HAP2_chr08	HAP3_chr07	11,13,15,17,19,23	23	34383664	33876111	3051182	65208593	0.046791	0.090069	0.104985	0.099369	False	0.081809
HAP2_chr08	HAP3_chr08	11,13,15,17,19,23	23	34383664	36015017	22187558	48211123	0.460217	0.645294	0.020065	0.018865	False	0.010242
HAP2_chr08	HAP3_chr09	11,13,15,17,19,23	23	34383664	34974758	2152218	67206204	0.032024	0.062594	0.120854	0.113507	False	0.101924
HAP2_chr08	HAP3_chr10	11,13,15,17,19,23	23	34383664	34414061	2391446	66406279	0.036012	0.069552	0.115918	0.109435	False	0.095198
HAP2_chr08	HAP3_chr11	11,13,15,17,19,23	23	34383664	29847782	1634450	62596996	0.026111	0.054760	0.129480	0.118646	False	0.109752
HAP2_chr08	HAP3_chr12	11,13,15,17,19,23	23	34383664	32433415	1781284	65035795	0.027389	0.054921	0.127456	0.118533	False	0.107766
HAP2_chr08	HAP3_chr13	11,13,15,17,19,23	23	34383664	29733458	1614309	62502813	0.025828	0.054293	0.129942	0.118974	False	0.110200
HAP2_chr08	HAP3_chr14	11,13,15,17,19,23	23	34383664	29012809	1779996	61616477	0.028888	0.061352	0.125202	0.114279	False	0.104659
HAP2_chr08	HAP3_chr15	11,13,15,17,19,23	23	34383664	27875899	1693953	60565610	0.027969	0.060768	0.126570	0.114648	False	0.105739
HAP2_chr08	HAP4_chr01	11,13,15,17,19,23	23	34383664	41241440	2174032	73451072	0.029598	0.063229	0.124176	0.113118	False	0.107692
HAP2_chr08	HAP4_chr02	11,13,15,17,19,23	23	34383664	38993514	2026738	71350440	0.028405	0.058945	0.125915	0.115819	False	0.109750
HAP2_chr08	HAP4_chr03	11,13,15,17,19,23	23	34383664	43331636	2331309	75383991	0.030926	0.067803	0.122325	0.110421	False	0.105994
HAP2_chr08	HAP4_chr04	11,13,15,17,19,23	23	34383664	36662643	2948773	68097534	0.043302	0.085761	0.108209	0.101286	False	0.086696
HAP2_chr08	HAP4_chr05	11,13,15,17,19,23	23	34383664	41047945	2242129	73189480	0.030635	0.065209	0.122724	0.111928	False	0.105686
HAP2_chr08	HAP4_chr06	11,13,15,17,19,23	23	34383664	36617732	2011760	68989636	0.029160	0.058509	0.124806	0.116104	False	0.107178
HAP2_chr08	HAP4_chr07	11,13,15,17,19,23	23	34383664	34782765	3220394	65946035	0.048834	0.093661	0.103212	0.097837	False	0.079851
HAP2_chr08	HAP4_chr08	11,13,15,17,19,23	23	34383664	34895954	19498679	49780939	0.391690	0.567091	0.024985	0.024361	False	0.013184
HAP2_chr08	HAP4_chr09	11,13,15,17,19,23	23	34383664	31553840	1995468	63942036	0.031207	0.063240	0.121943	0.113111	False	0.102067
HAP2_chr08	HAP4_chr10	11,13,15,17,19,23	23	34383664	31025022	2313342	63095344	0.036664	0.074564	0.115166	0.106737	False	0.092920
HAP2_chr08	HAP4_chr11	11,13,15,17,19,23	23	34383664	29508763	1742726	62149701	0.028041	0.059058	0.126461	0.115745	False	0.106801
HAP2_chr08	HAP4_chr12	11,13,15,17,19,23	23	34383664	29184285	1618174	61949775	0.026121	0.055447	0.129464	0.118168	False	0.108548
HAP2_chr08	HAP4_chr13	11,13,15,17,19,23	23	34383664	28038087	1503754	60917997	0.024685	0.053633	0.131861	0.119442	False	0.111380
HAP2_chr08	HAP4_chr14	11,13,15,17,19,23	23	34383664	26946496	1714400	59615760	0.028757	0.063622	0.125394	0.112879	False	0.103490
HAP2_chr08	HAP4_chr15	11,13,15,17,19,23	23	34383664	24564508	1615262	57332910	0.028173	0.065756	0.126261	0.111605	False	0.103670
HAP2_chr09	HAP2_chr10	11,13,15,17,19,23	23	26492289	34454945	2052164	58895070	0.034844	0.077463	0.117303	0.105254	False	0.095205
HAP2_chr09	HAP2_chr11	11,13,15,17,19,23	23	26492289	25845315	2145532	50192072	0.042746	0.083014	0.108747	0.102557	False	0.079966
HAP2_chr09	HAP2_chr12	11,13,15,17,19,23	23	26492289	32272788	1713934	57051143	0.030042	0.064696	0.123548	0.112233	False	0.099424
HAP2_chr09	HAP2_chr13	11,13,15,17,19,23	23	26492289	30726569	1567436	55651422	0.028165	0.059166	0.126274	0.115675	False	0.102799
HAP2_chr09	HAP2_chr14	11,13,15,17,19,23	23	26492289	29913583	1779778	54626094	0.032581	0.067181	0.120128	0.110777	False	0.096093
HAP2_chr09	HAP2_chr15	11,13,15,17,19,23	23	26492289	28531402	2321456	52702235	0.044049	0.087628	0.107497	0.100445	False	0.079703
HAP2_chr09	HAP3_chr01	11,13,15,17,19,23	23	26492289	48274836	2401323	72365802	0.033183	0.090642	0.119357	0.099121	False	0.098839
HAP2_chr09	HAP3_chr02	11,13,15,17,19,23	23	26492289	47202783	2139034	71556038	0.029893	0.080742	0.123758	0.103640	False	0.104334
HAP2_chr09	HAP3_chr03	11,13,15,17,19,23	23	26492289	44724948	2255018	68962219	0.032699	0.085120	0.119975	0.101580	False	0.099293
HAP2_chr09	HAP3_chr04	11,13,15,17,19,23	23	26492289	41082189	2191115	65383363	0.033512	0.082708	0.118942	0.102702	False	0.097983
HAP2_chr09	HAP3_chr05	11,13,15,17,19,23	23	26492289	37728269	1821372	62399186	0.029189	0.068751	0.124765	0.109883	False	0.104107
HAP2_chr09	HAP3_chr06	11,13,15,17,19,23	23	26492289	40073292	2096531	64469050	0.032520	0.079137	0.120207	0.104422	False	0.098854
HAP2_chr09	HAP3_chr07	11,13,15,17,19,23	23	26492289	33876111	1827356	58541044	0.031215	0.068977	0.121933	0.109756	False	0.100495
HAP2_chr09	HAP3_chr08	11,13,15,17,19,23	23	26492289	36015017	1980085	60527221	0.032714	0.074742	0.119956	0.106644	False	0.097988
HAP2_chr09	HAP3_chr09	11,13,15,17,19,23	23	26492289	34974758	14729555	46737492	0.315155	0.555994	0.031978	0.025199	False	0.016205
HAP2_chr09	HAP3_chr10	11,13,15,17,19,23	23	26492289	34414061	2008981	58897369	0.034110	0.075833	0.118198	0.106081	False	0.095963
HAP2_chr09	HAP3_chr11	11,13,15,17,19,23	23	26492289	29847782	2318360	54021711	0.042915	0.087511	0.108583	0.100497	False	0.080960
HAP2_chr09	HAP3_chr12	11,13,15,17,19,23	23	26492289	32433415	1745550	57180154	0.030527	0.065889	0.122872	0.111527	False	0.099086
HAP2_chr09	HAP3_chr13	11,13,15,17,19,23	23	26492289	29733458	1573806	54651941	0.028797	0.059406	0.125336	0.115519	False	0.101767
HAP2_chr09	HAP3_chr14	11,13,15,17,19,23	23	26492289	29012809	1754767	53750331	0.032647	0.066237	0.120043	0.111324	False	0.095665
HAP2_chr09	HAP3_chr15	11,13,15,17,19,23	23	26492289	27875899	2278926	52089262	0.043750	0.086022	0.107779	0.101168	False	0.079655
HAP2_chr09	HAP4_chr01	11,13,15,17,19,23	23	26492289	41241440	2174335	65559394	0.033166	0.082074	0.119379	0.103002	False	0.098345
HAP2_chr09	HAP4_chr02	11,13,15,17,19,23	23	26492289	38993514	2031626	63454177	0.032017	0.076687	0.120863	0.105645	False	0.100288
HAP2_chr09	HAP4_chr03	11,13,15,17,19,23	23	26492289	43331636	2337541	67486384	0.034637	0.088235	0.117553	0.100175	False	0.096783
HAP2_chr09	HAP4_chr04	11,13,15,17,19,23	23	26492289	36662643	2075495	61079437	0.033980	0.078343	0.118358	0.104814	False	0.096450
HAP2_chr09	HAP4_chr05	11,13,15,17,19,23	23	26492289	41047945	1932715	65607519	0.029459	0.072954	0.124376	0.107584	False	0.104467
HAP2_chr09	HAP4_chr06	11,13,15,17,19,23	23	26492289	36617732	1982428	61127593	0.032431	0.074830	0.120322	0.106598	False	0.098435
HAP2_chr09	HAP4_chr07	11,13,15,17,19,23	23	26492289	34782765	1848595	59426459	0.031107	0.069779	0.122078	0.109309	False	0.100907
HAP2_chr09	HAP4_chr08	11,13,15,17,19,23	23	26492289	34895954	1975601	59412642	0.033252	0.074573	0.119269	0.106732	False	0.096783
HAP2_chr09	HAP4_chr09	11,13,15,17,19,23	23	26492289	31553840	13084313	44961816	0.291009	0.493891	0.034638	0.030206	False	0.039367
HAP2_chr09	HAP4_chr10	11,13,15,17,19,23	23	26492289	31025022	1922164	55595147	0.034574	0.072556	0.117630	0.107796	False	0.094180
HAP2_chr09	HAP4_chr11	11,13,15,17,19,23	23	26492289	29508763	2445342	53555710	0.045660	0.092304	0.106002	0.098409	False	0.078398
HAP2_chr09	HAP4_chr12	11,13,15,17,19,23	23	26492289	29184285	1593057	54083517	0.029455	0.060133	0.124381	0.115052	False	0.099477
HAP2_chr09	HAP4_chr13	11,13,15,17,19,23	23	26492289	28038087	1489710	53040666	0.028086	0.056232	0.126393	0.117629	False	0.102109
HAP2_chr09	HAP4_chr14	11,13,15,17,19,23	23	26492289	26946496	1738777	51700008	0.033632	0.065633	0.118792	0.111678	False	0.093464
HAP2_chr09	HAP4_chr15	11,13,15,17,19,23	23	26492289	24564508	2173705	48883092	0.044467	0.088490	0.107103	0.100062	False	0.077441
HAP2_chr10	HAP2_chr11	11,13,15,17,19,23	23	34454945	25845315	1624330	58675930	0.027683	0.062848	0.127004	0.113351	False	0.105886
HAP2_chr10	HAP2_chr12	11,13,15,17,19,23	23	34454945	32272788	1839244	64888489	0.028345	0.056991	0.126005	0.117114	False	0.106218
HAP2_chr10	HAP2_chr13	11,13,15,17,19,23	23	34454945	30726569	1659602	63521912	0.026126	0.054012	0.129454	0.119173	False	0.110033
HAP2_chr10	HAP2_chr14	11,13,15,17,19,23	23	34454945	29913583	1882036	62486492	0.030119	0.062916	0.123440	0.113309	False	0.103216
HAP2_chr10	HAP2_chr15	11,13,15,17,19,23	23	34454945	28531402	1817488	61168859	0.029713	0.063701	0.124014	0.112831	False	0.103554
HAP2_chr10	HAP3_chr01	11,13,15,17,19,23	23	34454945	48274836	2452715	80277066	0.030553	0.071186	0.122836	0.108535	False	0.107153
HAP2_chr10	HAP3_chr02	11,13,15,17,19,23	23	34454945	47202783	2193802	79463926	0.027608	0.063672	0.127120	0.112849	False	0.112337
HAP2_chr10	HAP3_chr03	11,13,15,17,19,23	23	34454945	44724948	2357471	76822422	0.030687	0.068422	0.122652	0.110069	False	0.106547
HAP2_chr10	HAP3_chr04	11,13,15,17,19,23	23	34454945	41082189	2329802	73207332	0.031825	0.067619	0.121117	0.110526	False	0.104707
HAP2_chr10	HAP3_chr05	11,13,15,17,19,23	23	34454945	37728269	3613689	68569525	0.052701	0.104882	0.100058	0.093387	False	0.078723
HAP2_chr10	HAP3_chr06	11,13,15,17,19,23	23	34454945	40073292	3196432	71331805	0.044811	0.092771	0.106782	0.098211	False	0.085531
HAP2_chr10	HAP3_chr07	11,13,15,17,19,23	23	34454945	33876111	2407225	65923831	0.036515	0.071060	0.115337	0.108604	False	0.095595
HAP2_chr10	HAP3_chr08	11,13,15,17,19,23	23	34454945	36015017	2442917	68027045	0.035911	0.070902	0.116037	0.108690	False	0.096010
HAP2_chr10	HAP3_chr09	11,13,15,17,19,23	23	34454945	34974758	2204108	67225595	0.032787	0.063971	0.119863	0.112668	False	0.101075
HAP2_chr10	HAP3_chr10	11,13,15,17,19,23	23	34454945	34414061	20408410	48460596	0.421134	0.593025	0.022744	0.022462	False	0.011558
HAP2_chr10	HAP3_chr11	11,13,15,17,19,23	23	34454945	29847782	1637113	62665614	0.026125	0.054849	0.129457	0.118584	False	0.109690
HAP2_chr10	HAP3_chr12	11,13,15,17,19,23	23	34454945	32433415	1874608	65013752	0.028834	0.057799	0.125282	0.116574	False	0.105706
HAP2_chr10	HAP3_chr13	11,13,15,17,19,23	23	34454945	29733458	1693235	62495168	0.027094	0.056947	0.127915	0.117144	False	0.108358
HAP2_chr10	HAP3_chr14	11,13,15,17,19,23	23	34454945	29012809	1868464	61599290	0.030333	0.064401	0.123142	0.112409	False	0.102583
HAP2_chr10	HAP3_chr15	11,13,15,17,19,23	23	34454945	27875899	1769907	60560937	0.029225	0.063492	0.124712	0.112958	False	0.103973
HAP2_chr10	HAP4_chr01	11,13,15,17,19,23	23	34454945	41241440	2231832	73464553	0.030380	0.064775	0.123077	0.112186	False	0.106597
HAP2_chr10	HAP4_chr02	11,13,15,17,19,23	23	34454945	38993514	2069964	71378495	0.029000	0.060077	0.125039	0.115087	False	0.108757
HAP2_chr10	HAP4_chr03	11,13,15,17,19,23	23	34454945	43331636	2414916	75371665	0.032040	0.070089	0.120833	0.109137	False	0.104561
HAP2_chr10	HAP4_chr04	11,13,15,17,19,23	23	34454945	36662643	2177507	68940081	0.031586	0.063199	0.121435	0.113136	False	0.103718
HAP2_chr10	HAP4_chr05	11,13,15,17,19,23	23	34454945	41047945	3730505	71772385	0.051977	0.108272	0.100630	0.092133	False	0.080137
HAP2_chr10	HAP4_chr06	11,13,15,17,19,23	23	34454945	36617732	3052391	68020286	0.044875	0.088591	0.106723	0.100017	False	0.084885
HAP2_chr10	HAP4_chr07	11,13,15,17,19,23	23	34454945	34782765	2620187	66617523	0.039332	0.076047	0.112224	0.105972	False	0.091963
HAP2_chr10	HAP4_chr08	11,13,15,17,19,23	23	34454945	34895954	2466688	66884211	0.036880	0.071592	0.114920	0.108315	False	0.094397
HAP2_chr10	HAP4_chr09	11,13,15,17,19,23	23	34454945	31553840	2054811	63953974	0.032130	0.065121	0.120716	0.111980	False	0.101023
HAP2_chr10	HAP4_chr10	11,13,15,17,19,23	23	34454945	31025022	18460943	47019024	0.392627	0.595034	0.024910	0.022318	False	0.012687
HAP2_chr10	HAP4_chr11	11,13,15,17,19,23	23	34454945	29508763	1764606	62199102	0.028370	0.059799	0.125967	0.115266	False	0.106319
HAP2_chr10	HAP4_chr12	11,13,15,17,19,23	23	34454945	29184285	1714804	61924426	0.027692	0.058758	0.126991	0.115941	False	0.106220
HAP2_chr10	HAP4_chr13	11,13,15,17,19,23	23	34454945	28038087	1589897	60903135	0.026105	0.056705	0.129489	0.117307	False	0.109090
HAP2_chr10	HAP4_chr14	11,13,15,17,19,23	23	34454945	26946496	1820324	59581117	0.030552	0.067553	0.122838	0.110563	False	0.100899
HAP2_chr10	HAP4_chr15	11,13,15,17,19,23	23	34454945	24564508	1710140	57309313	0.029841	0.069618	0.123832	0.109398	False	0.101239
HAP2_chr11	HAP2_chr12	11,13,15,17,19,23	23	25845315	32272788	1436099	56682004	0.025336	0.055565	0.130757	0.118086	False	0.107714
HAP2_chr11	HAP2_chr13	11,13,15,17,19,23	23	25845315	30726569	1360960	55210924	0.024650	0.052658	0.131921	0.120144	False	0.108660
HAP2_chr11	HAP2_chr14	11,13,15,17,19,23	23	25845315	29913583	1510245	54248653	0.027839	0.058434	0.126766	0.116154	False	0.103789
HAP2_chr11	HAP2_chr15	11,13,15,17,19,23	23	25845315	28531402	2864076	51512641	0.055599	0.110816	0.097850	0.091215	False	0.069385
HAP2_chr11	HAP3_chr01	11,13,15,17,19,23	23	25845315	48274836	1865888	72254263	0.025824	0.072194	0.129948	0.107990	False	0.110199
HAP2_chr11	HAP3_chr02	11,13,15,17,19,23	23	25845315	47202783	1866200	71181898	0.026217	0.072207	0.129307	0.107984	False	0.110207
HAP2_chr11	HAP3_chr03	11,13,15,17,19,23	23	25845315	44724948	1749432	68820831	0.025420	0.067689	0.130616	0.110486	False	0.110513
HAP2_chr11	HAP3_chr04	11,13,15,17,19,23	23	25845315	41082189	1754049	65173455	0.026914	0.067867	0.128197	0.110384	False	0.108101
HAP2_chr11	HAP3_chr05	11,13,15,17,19,23	23	25845315	37728269	1625760	61947824	0.026244	0.062903	0.129264	0.113317	False	0.109187
HAP2_chr11	HAP3_chr06	11,13,15,17,19,23	23	25845315	40073292	1668173	64250434	0.025964	0.064545	0.129719	0.112323	False	0.109278
HAP2_chr11	HAP3_chr07	11,13,15,17,19,23	23	25845315	33876111	1557305	58164121	0.026774	0.060255	0.128417	0.114974	False	0.107379
HAP2_chr11	HAP3_chr08	11,13,15,17,19,23	23	25845315	36015017	1551490	60308842	0.025726	0.060030	0.130109	0.115118	False	0.109077
HAP2_chr11	HAP3_chr09	11,13,15,17,19,23	23	25845315	34974758	2742457	58077616	0.047221	0.106110	0.104605	0.092928	False	0.077528
HAP2_chr11	HAP3_chr10	11,13,15,17,19,23	23	25845315	34414061	1602289	58657087	0.027316	0.061995	0.127569	0.113877	False	0.106383
HAP2_chr11	HAP3_chr11	11,13,15,17,19,23	23	25845315	29847782	14699642	40993455	0.358585	0.568755	0.027778	0.024237	False	0.030365
HAP2_chr11	HAP3_chr12	11,13,15,17,19,23	23	25845315	32433415	1416874	56861856	0.024918	0.054821	0.131462	0.118603	False	0.108447
HAP2_chr11	HAP3_chr13	11,13,15,17,19,23	23	25845315	29733458	1426097	54152676	0.026335	0.055178	0.129118	0.118354	False	0.105946
HAP2_chr11	HAP3_chr14	11,13,15,17,19,23	23	25845315	29012809	1428309	53429815	0.026732	0.055264	0.128483	0.118295	False	0.104748
HAP2_chr11	HAP3_chr15	11,13,15,17,19,23	23	25845315	27875899	2856438	50864776	0.056157	0.110521	0.097438	0.091321	False	0.068758
HAP2_chr11	HAP4_chr01	11,13,15,17,19,23	23	25845315	41241440	1709159	65377596	0.026143	0.066130	0.129428	0.111386	False	0.109267
HAP2_chr11	HAP4_chr02	11,13,15,17,19,23	23	25845315	38993514	1754101	63084728	0.027805	0.067869	0.126817	0.110383	False	0.106591
HAP2_chr11	HAP4_chr03	11,13,15,17,19,23	23	25845315	43331636	1830782	67346169	0.027185	0.070836	0.127773	0.108726	False	0.107740
HAP2_chr11	HAP4_chr04	11,13,15,17,19,23	23	25845315	36662643	1634729	60873229	0.026855	0.063250	0.128290	0.113105	False	0.107122
HAP2_chr11	HAP4_chr05	11,13,15,17,19,23	23	25845315	41047945	1718632	65174628	0.026370	0.066497	0.129062	0.111173	False	0.109580
HAP2_chr11	HAP4_chr06	11,13,15,17,19,23	23	25845315	36617732	1611623	60851424	0.026485	0.062356	0.128878	0.113653	False	0.107995
HAP2_chr11	HAP4_chr07	11,13,15,17,19,23	23	25845315	34782765	1569034	59059046	0.026567	0.060709	0.128746	0.114685	False	0.107788
HAP2_chr11	HAP4_chr08	11,13,15,17,19,23	23	25845315	34895954	1565625	59175644	0.026457	0.060577	0.128921	0.114769	False	0.107499
HAP2_chr11	HAP4_chr09	11,13,15,17,19,23	23	25845315	31553840	2516722	54882433	0.045857	0.097376	0.105823	0.096310	False	0.078135
HAP2_chr11	HAP4_chr10	11,13,15,17,19,23	23	25845315	31025022	1517506	55352831	0.027415	0.058715	0.127416	0.115969	False	0.104835
HAP2_chr11	HAP4_chr11	11,13,15,17,19,23	23	25845315	29508763	14407236	40946842	0.351852	0.557441	0.028386	0.025089	False	0.031253
HAP2_chr11	HAP4_chr12	11,13,15,17,19,23	23	25845315	29184285	1347717	53681883	0.025106	0.052146	0.131144	0.120518	False	0.107467
HAP2_chr11	HAP4_chr13	11,13,15,17,19,23	23	25845315	28038087	1352881	52530521	0.025754	0.052345	0.130063	0.120372	False	0.106448
HAP2_chr11	HAP4_chr14	11,13,15,17,19,23	23	25845315	26946496	1406771	51385040	0.027377	0.054430	0.127474	0.118877	False	0.102916
HAP2_chr11	HAP4_chr15	11,13,15,17,19,23	23	25845315	24564508	2495792	47914031	0.052089	0.101602	0.100541	0.094639	False	0.070675
HAP2_chr12	HAP2_chr13	11,13,15,17,19,23	23	32272788	30726569	2796553	60202804	0.046452	0.091014	0.105287	0.098960	False	0.078764
HAP2_chr12	HAP2_chr14	11,13,15,17,19,23	23	32272788	29913583	2734114	59452257	0.045988	0.091400	0.105704	0.098794	False	0.079189
HAP2_chr12	HAP2_chr15	11,13,15,17,19,23	23	32272788	28531402	1616796	59187394	0.027317	0.056667	0.127568	0.117333	False	0.105484
HAP2_chr12	HAP3_chr01	11,13,15,17,19,23	23	32272788	48274836	2180523	78367101	0.027824	0.067565	0.126789	0.110556	False	0.108789
HAP2_chr12	HAP3_chr02	11,13,15,17,19,23	23	32272788	47202783	1947386	77528185	0.025118	0.060341	0.131122	0.114918	False	0.114215
HAP2_chr12	HAP3_chr03	11,13,15,17,19,23	23	32272788	44724948	2100588	74897148	0.028046	0.065089	0.126453	0.111999	False	0.108276
HAP2_chr12	HAP3_chr04	11,13,15,17,19,23	23	32272788	41082189	2098399	71256578	0.029448	0.065021	0.124391	0.112040	False	0.105581
HAP2_chr12	HAP3_chr05	11,13,15,17,19,23	23	32272788	37728269	1739739	68261318	0.025486	0.053907	0.130506	0.119247	False	0.112223
HAP2_chr12	HAP3_chr06	11,13,15,17,19,23	23	32272788	40073292	1966263	70379817	0.027938	0.060926	0.126616	0.114547	False	0.107764
HAP2_chr12	HAP3_chr07	11,13,15,17,19,23	23	32272788	33876111	1742172	64406727	0.027050	0.053983	0.127984	0.119193	False	0.107771
HAP2_chr12	HAP3_chr08	11,13,15,17,19,23	23	32272788	36015017	1806224	66481581	0.027169	0.055967	0.127798	0.117809	False	0.108102
HAP2_chr12	HAP3_chr09	11,13,15,17,19,23	23	32272788	34974758	1910145	65337401	0.029235	0.059187	0.124698	0.115661	False	0.103743
HAP2_chr12	HAP3_chr10	11,13,15,17,19,23	23	32272788	34414061	1810113	64876736	0.027901	0.056088	0.126673	0.117727	False	0.106847
HAP2_chr12	HAP3_chr11	11,13,15,17,19,23	23	32272788	29847782	1504201	60616369	0.024815	0.050396	0.131638	0.121822	False	0.110151
HAP2_chr12	HAP3_chr12	11,13,15,17,19,23	23	32272788	32433415	17904978	46801225	0.382575	0.554801	0.025723	0.025290	False	0.013037
HAP2_chr12	HAP3_chr13	11,13,15,17,19,23	23	32272788	29733458	2713152	59293094	0.045758	0.091249	0.105912	0.098859	False	0.079228
HAP2_chr12	HAP3_chr14	11,13,15,17,19,23	23	32272788	29012809	2629683	58655914	0.044832	0.090639	0.106762	0.099122	False	0.079815
HAP2_chr12	HAP3_chr15	11,13,15,17,19,23	23	32272788	27875899	1569443	58579244	0.026792	0.056301	0.128389	0.117581	False	0.105971
HAP2_chr12	HAP4_chr01	11,13,15,17,19,23	23	32272788	41241440	1945089	71569139	0.027178	0.060270	0.127784	0.114964	False	0.108999
HAP2_chr12	HAP4_chr02	11,13,15,17,19,23	23	32272788	38993514	1869246	69397056	0.026936	0.057920	0.128163	0.116493	False	0.110287
HAP2_chr12	HAP4_chr03	11,13,15,17,19,23	23	32272788	43331636	2109312	73495112	0.028700	0.065359	0.125479	0.111839	False	0.107007
HAP2_chr12	HAP4_chr04	11,13,15,17,19,23	23	32272788	36662643	1956941	66978490	0.029217	0.060637	0.124724	0.114730	False	0.104795
HAP2_chr12	HAP4_chr05	11,13,15,17,19,23	23	32272788	41047945	1837423	71483310	0.025704	0.056934	0.130145	0.117152	False	0.112524
HAP2_chr12	HAP4_chr06	11,13,15,17,19,23	23	32272788	36617732	1853575	67036945	0.027650	0.057435	0.127055	0.116816	False	0.107642
HAP2_chr12	HAP4_chr07	11,13,15,17,19,23	23	32272788	34782765	1743168	65312385	0.026690	0.054014	0.128551	0.119171	False	0.108680
HAP2_chr12	HAP4_chr08	11,13,15,17,19,23	23	32272788	34895954	1810701	65358041	0.027704	0.056106	0.126972	0.117715	False	0.107055
HAP2_chr12	HAP4_chr09	11,13,15,17,19,23	23	32272788	31553840	1782151	62044477	0.028724	0.056480	0.125444	0.117460	False	0.103572
HAP2_chr12	HAP4_chr10	11,13,15,17,19,23	23	32272788	31025022	1754492	61543318	0.028508	0.056551	0.125762	0.117412	False	0.104716
HAP2_chr12	HAP4_chr11	11,13,15,17,19,23	23	32272788	29508763	1621017	60160534	0.026945	0.054933	0.128148	0.118524	False	0.106924
HAP2_chr12	HAP4_chr12	11,13,15,17,19,23	23	32272788	29184285	16388845	45068228	0.363645	0.561564	0.027330	0.024776	False	0.029845
HAP2_chr12	HAP4_chr13	11,13,15,17,19,23	23	32272788	28038087	2596901	57713974	0.044996	0.092620	0.106611	0.098275	False	0.079376
HAP2_chr12	HAP4_chr14	11,13,15,17,19,23	23	32272788	26946496	2487191	56732093	0.043841	0.092301	0.107693	0.098410	False	0.080085
HAP2_chr12	HAP4_chr15	11,13,15,17,19,23	23	32272788	24564508	1511343	55325953	0.027317	0.061525	0.127567	0.114170	False	0.103509
HAP2_chr13	HAP2_chr14	11,13,15,17,19,23	23	30726569	29913583	3606225	57033927	0.063229	0.120555	0.092572	0.087881	False	0.065697
HAP2_chr13	HAP2_chr15	11,13,15,17,19,23	23	30726569	28531402	1471107	57786864	0.025457	0.051561	0.130554	0.120949	False	0.108803
HAP2_chr13	HAP3_chr01	11,13,15,17,19,23	23	30726569	48274836	1940332	77061073	0.025179	0.063148	0.131020	0.113167	False	0.113183
HAP2_chr13	HAP3_chr02	11,13,15,17,19,23	23	30726569	47202783	1923951	76005401	0.025313	0.062615	0.130795	0.113494	False	0.113749
HAP2_chr13	HAP3_chr03	11,13,15,17,19,23	23	30726569	44724948	1848319	73603198	0.025112	0.060154	0.131133	0.115038	False	0.113062
HAP2_chr13	HAP3_chr04	11,13,15,17,19,23	23	30726569	41082189	1790150	70018608	0.025567	0.058261	0.130372	0.116268	False	0.112134
HAP2_chr13	HAP3_chr05	11,13,15,17,19,23	23	30726569	37728269	1722387	66732451	0.025810	0.056055	0.129970	0.117749	False	0.111691
HAP2_chr13	HAP3_chr06	11,13,15,17,19,23	23	30726569	40073292	1748216	69051645	0.025318	0.056896	0.130788	0.117178	False	0.112209
HAP2_chr13	HAP3_chr07	11,13,15,17,19,23	23	30726569	33876111	1626640	62976040	0.025830	0.052939	0.129939	0.119940	False	0.110767
HAP2_chr13	HAP3_chr08	11,13,15,17,19,23	23	30726569	36015017	1614516	65127070	0.024790	0.052545	0.131680	0.120227	False	0.112487
HAP2_chr13	HAP3_chr09	11,13,15,17,19,23	23	30726569	34974758	1758633	63942694	0.027503	0.057235	0.127280	0.116950	False	0.107090
HAP2_chr13	HAP3_chr10	11,13,15,17,19,23	23	30726569	34414061	1635868	63504762	0.025760	0.053240	0.130053	0.119724	False	0.110529
HAP2_chr13	HAP3_chr11	11,13,15,17,19,23	23	30726569	29847782	1505789	59068562	0.025492	0.050449	0.130496	0.121782	False	0.109204
HAP2_chr13	HAP3_chr12	11,13,15,17,19,23	23	30726569	32433415	2884612	60275372	0.047857	0.093880	0.104049	0.097745	False	0.077767
HAP2_chr13	HAP3_chr13	11,13,15,17,19,23	23	30726569	29733458	17283060	43176967	0.400284	0.581266	0.024309	0.023313	False	0.025981
HAP2_chr13	HAP3_chr14	11,13,15,17,19,23	23	30726569	29012809	3540697	56198681	0.063003	0.122039	0.092718	0.087396	False	0.065703
HAP2_chr13	HAP3_chr15	11,13,15,17,19,23	23	30726569	27875899	1429936	57172532	0.025011	0.051296	0.131304	0.121146	False	0.109131
HAP2_chr13	HAP4_chr01	11,13,15,17,19,23	23	30726569	41241440	1774030	70193979	0.025273	0.057736	0.130862	0.116615	False	0.112507
HAP2_chr13	HAP4_chr02	11,13,15,17,19,23	23	30726569	38993514	1792854	67927229	0.026394	0.058349	0.129023	0.116210	False	0.110789
HAP2_chr13	HAP4_chr03	11,13,15,17,19,23	23	30726569	43331636	1906938	72151267	0.026430	0.062062	0.128965	0.113836	False	0.110866
HAP2_chr13	HAP4_chr04	11,13,15,17,19,23	23	30726569	36662643	1698803	65690409	0.025861	0.055288	0.129888	0.118278	False	0.110672
HAP2_chr13	HAP4_chr05	11,13,15,17,19,23	23	30726569	41047945	1794541	69979973	0.025644	0.058404	0.130245	0.116174	False	0.112639
HAP2_chr13	HAP4_chr06	11,13,15,17,19,23	23	30726569	36617732	1656617	65687684	0.025220	0.053915	0.130952	0.119241	False	0.111744
HAP2_chr13	HAP4_chr07	11,13,15,17,19,23	23	30726569	34782765	1630585	63878749	0.025526	0.053068	0.130439	0.119848	False	0.111202
HAP2_chr13	HAP4_chr08	11,13,15,17,19,23	23	30726569	34895954	1607627	64014896	0.025113	0.052320	0.131131	0.120390	False	0.111571
HAP2_chr13	HAP4_chr09	11,13,15,17,19,23	23	30726569	31553840	1623747	60656662	0.026769	0.052845	0.128424	0.120009	False	0.107301
HAP2_chr13	HAP4_chr10	11,13,15,17,19,23	23	30726569	31025022	1537464	60214127	0.025533	0.050037	0.130428	0.122095	False	0.109406
HAP2_chr13	HAP4_chr11	11,13,15,17,19,23	23	30726569	29508763	1557871	58677461	0.026550	0.052794	0.128774	0.120046	False	0.107285
HAP2_chr13	HAP4_chr12	11,13,15,17,19,23	23	30726569	29184285	2568324	57342530	0.044789	0.088004	0.106802	0.100277	False	0.079498
HAP2_chr13	HAP4_chr13	11,13,15,17,19,23	23	30726569	28038087	16644925	42119731	0.395181	0.593654	0.024708	0.022417	False	0.026643
HAP2_chr13	HAP4_chr14	11,13,15,17,19,23	23	30726569	26946496	3193170	54479895	0.058612	0.118500	0.095680	0.088562	False	0.067835
HAP2_chr13	HAP4_chr15	11,13,15,17,19,23	23	30726569	24564508	1352173	53938904	0.025069	0.055046	0.131207	0.118446	False	0.107439
HAP2_chr14	HAP2_chr15	11,13,15,17,19,23	23	29913583	28531402	1643643	56801342	0.028937	0.057608	0.125131	0.116700	False	0.102782
HAP2_chr14	HAP3_chr01	11,13,15,17,19,23	23	29913583	48274836	2232326	75956093	0.029390	0.074626	0.124475	0.106704	False	0.106249
HAP2_chr14	HAP3_chr02	11,13,15,17,19,23	23	29913583	47202783	2005115	75111251	0.026695	0.067030	0.128542	0.110864	False	0.111252
HAP2_chr14	HAP3_chr03	11,13,15,17,19,23	23	29913583	44724948	2109912	72528619	0.029091	0.070534	0.124907	0.108892	False	0.106308
HAP2_chr14	HAP3_chr04	11,13,15,17,19,23	23	29913583	41082189	2089107	68906665	0.030318	0.069838	0.123162	0.109276	False	0.104436
HAP2_chr14	HAP3_chr05	11,13,15,17,19,23	23	29913583	37728269	1805908	65835944	0.027430	0.060371	0.127392	0.114900	False	0.109003
HAP2_chr14	HAP3_chr06	11,13,15,17,19,23	23	29913583	40073292	2002122	67984753	0.029450	0.066930	0.124389	0.110922	False	0.105225
HAP2_chr14	HAP3_chr07	11,13,15,17,19,23	23	29913583	33876111	1705056	62084638	0.027463	0.056999	0.127341	0.117108	False	0.107713
HAP2_chr14	HAP3_chr08	11,13,15,17,19,23	23	29913583	36015017	1851993	64076607	0.028903	0.061911	0.125181	0.113929	False	0.105464
HAP2_chr14	HAP3_chr09	11,13,15,17,19,23	23	29913583	34974758	1982442	62905899	0.031514	0.066272	0.121530	0.111303	False	0.100643
HAP2_chr14	HAP3_chr10	11,13,15,17,19,23	23	29913583	34414061	1881711	62445933	0.030133	0.062905	0.123420	0.113316	False	0.103252
HAP2_chr14	HAP3_chr11	11,13,15,17,19,23	23	29913583	29847782	1553239	58208126	0.026684	0.052039	0.128560	0.120597	False	0.107005
HAP2_chr14	HAP3_chr12	11,13,15,17,19,23	23	29913583	32433415	2792743	59554255	0.046894	0.093360	0.104893	0.097963	False	0.078444
HAP2_chr14	HAP3_chr13	11,13,15,17,19,23	23	29913583	29733458	3532907	56114134	0.062959	0.118819	0.092747	0.088456	False	0.065793
HAP2_chr14	HAP3_chr14	11,13,15,17,19,23	23	29913583	29012809	15986872	42939520	0.372311	0.551028	0.026581	0.025579	False	0.028374
HAP2_chr14	HAP3_chr15	11,13,15,17,19,23	23	29913583	27875899	1616741	56172741	0.028782	0.057998	0.125359	0.116442	False	0.102641
HAP2_chr14	HAP4_chr01	11,13,15,17,19,23	23	29913583	41241440	2026495	69128528	0.029315	0.067745	0.124583	0.110454	False	0.105791
HAP2_chr14	HAP4_chr02	11,13,15,17,19,23	23	29913583	38993514	1879431	67027666	0.028040	0.062829	0.126463	0.113363	False	0.108004
HAP2_chr14	HAP4_chr03	11,13,15,17,19,23	23	29913583	43331636	2147226	71097993	0.030201	0.071781	0.123326	0.108213	False	0.104536
HAP2_chr14	HAP4_chr04	11,13,15,17,19,23	23	29913583	36662643	1937820	64638406	0.029979	0.064781	0.123636	0.112183	False	0.103815
HAP2_chr14	HAP4_chr05	11,13,15,17,19,23	23	29913583	41047945	1874454	69087074	0.027132	0.062662	0.127855	0.113465	False	0.110053
HAP2_chr14	HAP4_chr06	11,13,15,17,19,23	23	29913583	36617732	1912189	64619126	0.029592	0.063924	0.124186	0.112696	False	0.104528
HAP2_chr14	HAP4_chr07	11,13,15,17,19,23	23	29913583	34782765	1730941	62965407	0.027490	0.057865	0.127300	0.116530	False	0.107909
HAP2_chr14	HAP4_chr08	11,13,15,17,19,23	23	29913583	34895954	1870077	62939460	0.029712	0.062516	0.124014	0.113555	False	0.103884
HAP2_chr14	HAP4_chr09	11,13,15,17,19,23	23	29913583	31553840	1870146	59597277	0.031380	0.062518	0.121711	0.113554	False	0.100092
HAP2_chr14	HAP4_chr10	11,13,15,17,19,23	23	29913583	31025022	1812010	59126595	0.030646	0.060575	0.122708	0.114770	False	0.101143
HAP2_chr14	HAP4_chr11	11,13,15,17,19,23	23	29913583	29508763	1671138	57751208	0.028937	0.056632	0.125131	0.117357	False	0.103620
HAP2_chr14	HAP4_chr12	11,13,15,17,19,23	23	29913583	29184285	2573772	56524096	0.045534	0.088190	0.106116	0.100194	False	0.078993
HAP2_chr14	HAP4_chr13	11,13,15,17,19,23	23	29913583	28038087	3386402	54565268	0.062061	0.120779	0.093335	0.087807	False	0.065926
HAP2_chr14	HAP4_chr14	11,13,15,17,19,23	23	29913583	26946496	15484070	41376009	0.374228	0.574623	0.026419	0.023801	False	0.028793
HAP2_chr14	HAP4_chr15	11,13,15,17,19,23	23	29913583	24564508	1548808	52929283	0.029262	0.063051	0.124659	0.113227	False	0.100388
HAP2_chr15	HAP3_chr01	11,13,15,17,19,23	23	28531402	48274836	2120228	74686010	0.028389	0.074312	0.125940	0.106868	False	0.107307
HAP2_chr15	HAP3_chr02	11,13,15,17,19,23	23	28531402	47202783	1934556	73799629	0.026214	0.067804	0.129313	0.110420	False	0.111709
HAP2_chr15	HAP3_chr03	11,13,15,17,19,23	23	28531402	44724948	2035826	71220524	0.028585	0.071354	0.125649	0.108444	False	0.106751
HAP2_chr15	HAP3_chr04	11,13,15,17,19,23	23	28531402	41082189	1991818	67621773	0.029455	0.069811	0.124381	0.109291	False	0.105219
HAP2_chr15	HAP3_chr05	11,13,15,17,19,23	23	28531402	37728269	1693278	64566393	0.026225	0.059348	0.129294	0.115557	False	0.110477
HAP2_chr15	HAP3_chr06	11,13,15,17,19,23	23	28531402	40073292	1895751	66708943	0.028418	0.066444	0.125896	0.111203	False	0.106440
HAP2_chr15	HAP3_chr07	11,13,15,17,19,23	23	28531402	33876111	1646016	60761497	0.027090	0.057691	0.127921	0.116645	False	0.108115
HAP2_chr15	HAP3_chr08	11,13,15,17,19,23	23	28531402	36015017	1777147	62769272	0.028312	0.062287	0.126053	0.113696	False	0.105895
HAP2_chr15	HAP3_chr09	11,13,15,17,19,23	23	28531402	34974758	2998363	60507797	0.049553	0.105090	0.102605	0.093309	False	0.076481
HAP2_chr15	HAP3_chr10	11,13,15,17,19,23	23	28531402	34414061	1816991	61128472	0.029724	0.063684	0.123997	0.112841	False	0.103566
HAP2_chr15	HAP3_chr11	11,13,15,17,19,23	23	28531402	29847782	3255568	55123616	0.059059	0.114105	0.095367	0.090059	False	0.068063
HAP2_chr15	HAP3_chr12	11,13,15,17,19,23	23	28531402	32433415	1645950	59318867	0.027747	0.057689	0.126906	0.116647	False	0.105305
HAP2_chr15	HAP3_chr13	11,13,15,17,19,23	23	28531402	29733458	1520058	56744802	0.026788	0.053277	0.128396	0.119697	False	0.106700
HAP2_chr15	HAP3_chr14	11,13,15,17,19,23	23	28531402	29012809	1634765	55909446	0.029240	0.057297	0.124692	0.116908	False	0.101924
HAP2_chr15	HAP3_chr15	11,13,15,17,19,23	23	28531402	27875899	15917645	40489656	0.393129	0.571018	0.024871	0.024068	False	0.026533
HAP2_chr15	HAP4_chr01	11,13,15,17,19,23	23	28531402	41241440	1926588	67846254	0.028396	0.067525	0.125928	0.110579	False	0.106721
HAP2_chr15	HAP4_chr02	11,13,15,17,19,23	23	28531402	38993514	1813204	65711712	0.027593	0.063551	0.127141	0.112922	False	0.108237
HAP2_chr15	HAP4_chr03	11,13,15,17,19,23	23	28531402	43331636	2081598	69781440	0.029830	0.072958	0.123847	0.107582	False	0.104674
HAP2_chr15	HAP4_chr04	11,13,15,17,19,23	23	28531402	36662643	1912365	63281680	0.030220	0.067027	0.123299	0.110866	False	0.103317
HAP2_chr15	HAP4_chr05	11,13,15,17,19,23	23	28531402	41047945	1808377	67770970	0.026684	0.063382	0.128560	0.113025	False	0.110535
HAP2_chr15	HAP4_chr06	11,13,15,17,19,23	23	28531402	36617732	1834978	63314156	0.028982	0.064314	0.125065	0.112461	False	0.105235
HAP2_chr15	HAP4_chr07	11,13,15,17,19,23	23	28531402	34782765	1630478	61683689	0.026433	0.057147	0.128960	0.117009	False	0.109196
HAP2_chr15	HAP4_chr08	11,13,15,17,19,23	23	28531402	34895954	1789711	61637645	0.029036	0.062728	0.124987	0.113425	False	0.104516
HAP2_chr15	HAP4_chr09	11,13,15,17,19,23	23	28531402	31553840	2800720	57284522	0.048891	0.098163	0.103163	0.095993	False	0.076384
HAP2_chr15	HAP4_chr10	11,13,15,17,19,23	23	28531402	31025022	1727867	57828557	0.029879	0.060560	0.123778	0.114779	False	0.101979
HAP2_chr15	HAP4_chr11	11,13,15,17,19,23	23	28531402	29508763	3196348	54843817	0.058281	0.112029	0.095912	0.090785	False	0.068779
HAP2_chr15	HAP4_chr12	11,13,15,17,19,23	23	28531402	29184285	1499801	56215886	0.026679	0.052567	0.128567	0.120211	False	0.105616
HAP2_chr15	HAP4_chr13	11,13,15,17,19,23	23	28531402	28038087	1385995	55183494	0.025116	0.049433	0.131126	0.122559	False	0.108398
HAP2_chr15	HAP4_chr14	11,13,15,17,19,23	23	28531402	26946496	1617748	53860150	0.030036	0.060036	0.123557	0.115114	False	0.099892
HAP2_chr15	HAP4_chr15	11,13,15,17,19,23	23	28531402	24564508	14511778	38584132	0.376107	0.590762	0.026261	0.022625	False	0.028793
HAP3_chr01	HAP3_chr02	11,13,15,17,19,23	23	48274836	47202783	4928695	90548924	0.054431	0.104415	0.098725	0.093563	False	0.080871
HAP3_chr01	HAP3_chr03	11,13,15,17,19,23	23	48274836	44724948	4738854	88260930	0.053691	0.105955	0.099289	0.092986	False	0.080842
HAP3_chr01	HAP3_chr04	11,13,15,17,19,23	23	48274836	41082189	2774436	86582589	0.032044	0.067534	0.120828	0.110574	False	0.107050
HAP3_chr01	HAP3_chr05	11,13,15,17,19,23	23	48274836	37728269	2310989	83692116	0.027613	0.061254	0.127111	0.114341	False	0.113291
HAP3_chr01	HAP3_chr06	11,13,15,17,19,23	23	48274836	40073292	2663494	85684634	0.031085	0.066466	0.122109	0.111191	False	0.107818
HAP3_chr01	HAP3_chr07	11,13,15,17,19,23	23	48274836	33876111	2254950	79895997	0.028224	0.066565	0.126186	0.111133	False	0.111131
HAP3_chr01	HAP3_chr08	11,13,15,17,19,23	23	48274836	36015017	2442262	81847591	0.029839	0.067812	0.123834	0.110415	False	0.108398
HAP3_chr01	HAP3_chr09	11,13,15,17,19,23	23	48274836	34974758	2681183	80568411	0.033278	0.076661	0.119236	0.105659	False	0.102729
HAP3_chr01	HAP3_chr10	11,13,15,17,19,23	23	48274836	34414061	2466951	80221946	0.030752	0.071684	0.122563	0.108265	False	0.106994
HAP3_chr01	HAP3_chr11	11,13,15,17,19,23	23	48274836	29847782	1997903	76124715	0.026245	0.066936	0.129262	0.110918	False	0.111571
HAP3_chr01	HAP3_chr12	11,13,15,17,19,23	23	48274836	32433415	2173711	78534540	0.027678	0.067021	0.127011	0.110869	False	0.109207
HAP3_chr01	HAP3_chr13	11,13,15,17,19,23	23	48274836	29733458	1993036	76015258	0.026219	0.067030	0.129305	0.110864	False	0.111435
HAP3_chr01	HAP3_chr14	11,13,15,17,19,23	23	48274836	29012809	2205038	75082607	0.029368	0.076002	0.124506	0.105994	False	0.105894
HAP3_chr01	HAP3_chr15	11,13,15,17,19,23	23	48274836	27875899	2058878	74091857	0.027788	0.073859	0.126844	0.107106	False	0.107775
HAP3_chr01	HAP4_chr01	11,13,15,17,19,23	23	48274836	41241440	24728738	64787538	0.381690	0.599609	0.025796	0.021993	False	0.015596
HAP3_chr01	HAP4_chr02	11,13,15,17,19,23	23	48274836	38993514	4276450	82991900	0.051529	0.109671	0.100988	0.091626	False	0.081388
HAP3_chr01	HAP4_chr03	11,13,15,17,19,23	23	48274836	43331636	4632103	86974369	0.053258	0.106899	0.099624	0.092636	False	0.080998
HAP3_chr01	HAP4_chr04	11,13,15,17,19,23	23	48274836	36662643	2547458	82390021	0.030919	0.069484	0.122334	0.109473	False	0.106964
HAP3_chr01	HAP4_chr05	11,13,15,17,19,23	23	48274836	41047945	2435161	86887620	0.028027	0.059325	0.126482	0.115572	False	0.113616
HAP3_chr01	HAP4_chr06	11,13,15,17,19,23	23	48274836	36617732	2508193	82384375	0.030445	0.068497	0.122986	0.110027	False	0.107914
HAP3_chr01	HAP4_chr07	11,13,15,17,19,23	23	48274836	34782765	2207220	80850381	0.027300	0.063457	0.127594	0.112979	False	0.112499
HAP3_chr01	HAP4_chr08	11,13,15,17,19,23	23	48274836	34895954	2469147	80701643	0.030596	0.070757	0.122777	0.108769	False	0.107007
HAP3_chr01	HAP4_chr09	11,13,15,17,19,23	23	48274836	31553840	2468413	77360263	0.031908	0.078229	0.121007	0.104871	False	0.103319
HAP3_chr01	HAP4_chr10	11,13,15,17,19,23	23	48274836	31025022	2327084	76972774	0.030233	0.075007	0.123281	0.106507	False	0.106039
HAP3_chr01	HAP4_chr11	11,13,15,17,19,23	23	48274836	29508763	2121325	75662274	0.028037	0.071888	0.126467	0.108155	False	0.108821
HAP3_chr01	HAP4_chr12	11,13,15,17,19,23	23	48274836	29184285	2000061	75459060	0.026505	0.068532	0.128845	0.110007	False	0.109619
HAP3_chr01	HAP4_chr13	11,13,15,17,19,23	23	48274836	28038087	1855689	74457234	0.024923	0.066185	0.131454	0.111354	False	0.112635
HAP3_chr01	HAP4_chr14	11,13,15,17,19,23	23	48274836	26946496	2153529	73067803	0.029473	0.079919	0.124356	0.104039	False	0.104410
HAP3_chr01	HAP4_chr15	11,13,15,17,19,23	23	48274836	24564508	2006863	70832481	0.028333	0.081698	0.126023	0.103181	False	0.105095
HAP3_chr02	HAP3_chr03	11,13,15,17,19,23	23	47202783	44724948	5890135	86037596	0.068460	0.131697	0.089329	0.084369	False	0.070446
HAP3_chr02	HAP3_chr04	11,13,15,17,19,23	23	47202783	41082189	2453124	85831848	0.028581	0.059713	0.125655	0.115321	False	0.112582
HAP3_chr02	HAP3_chr05	11,13,15,17,19,23	23	47202783	37728269	2257223	82673829	0.027303	0.059828	0.127589	0.115247	False	0.114181
HAP3_chr02	HAP3_chr06	11,13,15,17,19,23	23	47202783	40073292	2289864	84986211	0.026944	0.057142	0.128149	0.117013	False	0.114516
HAP3_chr02	HAP3_chr07	11,13,15,17,19,23	23	47202783	33876111	2174305	78904589	0.027556	0.064184	0.127199	0.112540	False	0.112484
HAP3_chr02	HAP3_chr08	11,13,15,17,19,23	23	47202783	36015017	2108994	81108806	0.026002	0.058559	0.129657	0.116072	False	0.114752
HAP3_chr02	HAP3_chr09	11,13,15,17,19,23	23	47202783	34974758	2340360	79837181	0.029314	0.066916	0.124584	0.110930	False	0.108900
HAP3_chr02	HAP3_chr10	11,13,15,17,19,23	23	47202783	34414061	2151617	79465227	0.027076	0.062521	0.127942	0.113552	False	0.113015
HAP3_chr02	HAP3_chr11	11,13,15,17,19,23	23	47202783	29847782	1923030	75127535	0.025597	0.064428	0.130322	0.112393	False	0.112936
HAP3_chr02	HAP3_chr12	11,13,15,17,19,23	23	47202783	32433415	1942000	77694198	0.024995	0.059877	0.131331	0.115216	False	0.114505
HAP3_chr02	HAP3_chr13	11,13,15,17,19,23	23	47202783	29733458	1912621	75023620	0.025494	0.064326	0.130494	0.112455	False	0.112999
HAP3_chr02	HAP3_chr14	11,13,15,17,19,23	23	47202783	29012809	2011964	74203628	0.027114	0.069347	0.127883	0.109549	False	0.110314
HAP3_chr02	HAP3_chr15	11,13,15,17,19,23	23	47202783	27875899	1858755	73219927	0.025386	0.066680	0.130673	0.111067	False	0.112382
HAP3_chr02	HAP4_chr01	11,13,15,17,19,23	23	47202783	41241440	4420290	84023933	0.052608	0.107181	0.100131	0.092532	False	0.080960
HAP3_chr02	HAP4_chr02	11,13,15,17,19,23	23	47202783	38993514	24241261	61955036	0.391272	0.621674	0.025018	0.020455	False	0.014734
HAP3_chr02	HAP4_chr03	11,13,15,17,19,23	23	47202783	43331636	5737324	84797095	0.067659	0.132405	0.089808	0.084155	False	0.070729
HAP3_chr02	HAP4_chr04	11,13,15,17,19,23	23	47202783	36662643	2283925	81581501	0.027996	0.062296	0.126529	0.113691	False	0.112082
HAP3_chr02	HAP4_chr05	11,13,15,17,19,23	23	47202783	41047945	2402558	85848170	0.027986	0.058531	0.126544	0.116090	False	0.114181
HAP3_chr02	HAP4_chr06	11,13,15,17,19,23	23	47202783	36617732	2176522	81643993	0.026659	0.059439	0.128600	0.115498	False	0.114278
HAP3_chr02	HAP4_chr07	11,13,15,17,19,23	23	47202783	34782765	2213766	79771782	0.027751	0.063645	0.126900	0.112865	False	0.112436
HAP3_chr02	HAP4_chr08	11,13,15,17,19,23	23	47202783	34895954	2168201	79930536	0.027126	0.062133	0.127864	0.113792	False	0.112855
HAP3_chr02	HAP4_chr09	11,13,15,17,19,23	23	47202783	31553840	2178848	76577775	0.028453	0.069052	0.125844	0.109714	False	0.109065
HAP3_chr02	HAP4_chr10	11,13,15,17,19,23	23	47202783	31025022	2056527	76171278	0.026999	0.066286	0.128063	0.111295	False	0.111584
HAP3_chr02	HAP4_chr11	11,13,15,17,19,23	23	47202783	29508763	2071550	74639996	0.027754	0.070201	0.126896	0.109075	False	0.109768
HAP3_chr02	HAP4_chr12	11,13,15,17,19,23	23	47202783	29184285	1792643	74594425	0.024032	0.061425	0.132999	0.114233	False	0.114812
HAP3_chr02	HAP4_chr13	11,13,15,17,19,23	23	47202783	28038087	1809140	73431730	0.024637	0.064524	0.131943	0.112335	False	0.113628
HAP3_chr02	HAP4_chr14	11,13,15,17,19,23	23	47202783	26946496	1921911	72227368	0.026609	0.071323	0.128679	0.108461	False	0.109658
HAP3_chr02	HAP4_chr15	11,13,15,17,19,23	23	47202783	24564508	1779159	69988132	0.025421	0.072428	0.130615	0.107865	False	0.110341
HAP3_chr03	HAP3_chr04	11,13,15,17,19,23	23	44724948	41082189	2612573	83194564	0.031403	0.063594	0.121679	0.112896	False	0.107304
HAP3_chr03	HAP3_chr05	11,13,15,17,19,23	23	44724948	37728269	2194782	80258435	0.027346	0.058173	0.127522	0.116325	False	0.113227
HAP3_chr03	HAP3_chr06	11,13,15,17,19,23	23	44724948	40073292	2454376	82343864	0.029806	0.061247	0.123881	0.114345	False	0.109090
HAP3_chr03	HAP3_chr07	11,13,15,17,19,23	23	44724948	33876111	2125702	76475357	0.027796	0.062749	0.126832	0.113411	False	0.111437
HAP3_chr03	HAP3_chr08	11,13,15,17,19,23	23	44724948	36015017	2289825	78450140	0.029188	0.063580	0.124766	0.112904	False	0.108770
HAP3_chr03	HAP3_chr09	11,13,15,17,19,23	23	44724948	34974758	2500965	77198741	0.032396	0.071508	0.120367	0.108361	False	0.103612
HAP3_chr03	HAP3_chr10	11,13,15,17,19,23	23	44724948	34414061	2298138	76840871	0.029908	0.066779	0.123737	0.111009	False	0.107473
HAP3_chr03	HAP3_chr11	11,13,15,17,19,23	23	44724948	29847782	1871646	72701084	0.025744	0.062706	0.130079	0.113438	False	0.112063
HAP3_chr03	HAP3_chr12	11,13,15,17,19,23	23	44724948	32433415	2132119	75026244	0.028418	0.065738	0.125895	0.111616	False	0.108128
HAP3_chr03	HAP3_chr13	11,13,15,17,19,23	23	44724948	29733458	1912403	72546003	0.026361	0.064318	0.129075	0.112459	False	0.111055
HAP3_chr03	HAP3_chr14	11,13,15,17,19,23	23	44724948	29012809	2071604	71666153	0.028906	0.071403	0.125176	0.108417	False	0.106132
HAP3_chr03	HAP3_chr15	11,13,15,17,19,23	23	44724948	27875899	1966141	70634706	0.027835	0.070532	0.126772	0.108893	False	0.107311
HAP3_chr03	HAP4_chr01	11,13,15,17,19,23	23	44724948	41241440	4222394	81743994	0.051654	0.102382	0.100887	0.094338	False	0.081104
HAP3_chr03	HAP4_chr02	11,13,15,17,19,23	23	44724948	38993514	4924451	78794011	0.062498	0.126289	0.093048	0.086036	False	0.072965
HAP3_chr03	HAP4_chr03	11,13,15,17,19,23	23	44724948	43331636	24459114	63597470	0.384593	0.564463	0.025558	0.024558	False	0.015282
HAP3_chr03	HAP4_chr04	11,13,15,17,19,23	23	44724948	36662643	2444000	78943591	0.030959	0.066662	0.122280	0.111077	False	0.106606
HAP3_chr03	HAP4_chr05	11,13,15,17,19,23	23	44724948	41047945	2285614	83487279	0.027377	0.055682	0.127475	0.118006	False	0.113868
HAP3_chr03	HAP4_chr06	11,13,15,17,19,23	23	44724948	36617732	2348750	78993930	0.029733	0.064142	0.123984	0.112565	False	0.108596
HAP3_chr03	HAP4_chr07	11,13,15,17,19,23	23	44724948	34782765	2127313	77380400	0.027492	0.061160	0.127298	0.114400	False	0.111990
HAP3_chr03	HAP4_chr08	11,13,15,17,19,23	23	44724948	34895954	2329164	77291738	0.030135	0.066746	0.123418	0.111028	False	0.107242
HAP3_chr03	HAP4_chr09	11,13,15,17,19,23	23	44724948	31553840	2352990	73925798	0.031829	0.074571	0.121111	0.106733	False	0.103290
HAP3_chr03	HAP4_chr10	11,13,15,17,19,23	23	44724948	31025022	2196181	73553789	0.029858	0.070787	0.123807	0.108753	False	0.106030
HAP3_chr03	HAP4_chr11	11,13,15,17,19,23	23	44724948	29508763	2054624	72179087	0.028466	0.069628	0.125825	0.109393	False	0.108057
HAP3_chr03	HAP4_chr12	11,13,15,17,19,23	23	44724948	29184285	1960830	71948403	0.027253	0.067188	0.127666	0.110773	False	0.108585
HAP3_chr03	HAP4_chr13	11,13,15,17,19,23	23	44724948	28038087	1800192	70962843	0.025368	0.064205	0.130703	0.112527	False	0.111781
HAP3_chr03	HAP4_chr14	11,13,15,17,19,23	23	44724948	26946496	2006550	69664894	0.028803	0.074464	0.125327	0.106789	False	0.104789
HAP3_chr03	HAP4_chr15	11,13,15,17,19,23	23	44724948	24564508	1940817	67348639	0.028817	0.079009	0.125306	0.104485	False	0.104097
HAP3_chr04	HAP3_chr05	11,13,15,17,19,23	23	41082189	37728269	3343344	75467114	0.044302	0.088616	0.107258	0.100006	False	0.089078
HAP3_chr04	HAP3_chr06	11,13,15,17,19,23	23	41082189	40073292	2949983	78205498	0.037721	0.073615	0.113975	0.107234	False	0.096141
HAP3_chr04	HAP3_chr07	11,13,15,17,19,23	23	41082189	33876111	3767397	71190903	0.052920	0.111211	0.099887	0.091075	False	0.078821
HAP3_chr04	HAP3_chr08	11,13,15,17,19,23	23	41082189	36015017	3299631	73797575	0.044712	0.091618	0.106874	0.098701	False	0.086108
HAP3_chr04	HAP3_chr09	11,13,15,17,19,23	23	41082189	34974758	2416615	73640332	0.032816	0.069096	0.119825	0.109690	False	0.102525
HAP3_chr04	HAP3_chr10	11,13,15,17,19,23	23	41082189	34414061	2297831	73198419	0.031392	0.066770	0.121694	0.111014	False	0.105257
HAP3_chr04	HAP3_chr11	11,13,15,17,19,23	23	41082189	29847782	1829466	69100505	0.026475	0.061293	0.128892	0.114316	False	0.110631
HAP3_chr04	HAP3_chr12	11,13,15,17,19,23	23	41082189	32433415	2107973	71407631	0.029520	0.064994	0.124288	0.112056	False	0.105650
HAP3_chr04	HAP3_chr13	11,13,15,17,19,23	23	41082189	29733458	1845212	68970435	0.026754	0.062058	0.128450	0.113838	False	0.110033
HAP3_chr04	HAP3_chr14	11,13,15,17,19,23	23	41082189	29012809	2035382	68059616	0.029906	0.070155	0.123740	0.109101	False	0.104455
HAP3_chr04	HAP3_chr15	11,13,15,17,19,23	23	41082189	27875899	1929574	67028514	0.028787	0.069220	0.125350	0.109620	False	0.105764
HAP3_chr04	HAP4_chr01	11,13,15,17,19,23	23	41082189	41241440	2483118	79840511	0.031101	0.060443	0.122087	0.114854	False	0.107398
HAP3_chr04	HAP4_chr02	11,13,15,17,19,23	23	41082189	38993514	2284248	77791455	0.029364	0.058580	0.124513	0.116058	False	0.109859
HAP3_chr04	HAP4_chr03	11,13,15,17,19,23	23	41082189	43331636	2657052	81756773	0.032499	0.064676	0.120233	0.112245	False	0.105620
HAP3_chr04	HAP4_chr04	11,13,15,17,19,23	23	41082189	36662643	21385442	56359390	0.379448	0.583303	0.025981	0.023164	False	0.014701
HAP3_chr04	HAP4_chr05	11,13,15,17,19,23	23	41082189	41047945	3766383	78363751	0.048063	0.091756	0.103871	0.098642	False	0.085893
HAP3_chr04	HAP4_chr06	11,13,15,17,19,23	23	41082189	36617732	2786955	74912966	0.037203	0.076109	0.114555	0.105940	False	0.096273
HAP3_chr04	HAP4_chr07	11,13,15,17,19,23	23	41082189	34782765	3696850	72168104	0.051226	0.106284	0.101232	0.092864	False	0.080532
HAP3_chr04	HAP4_chr08	11,13,15,17,19,23	23	41082189	34895954	3197942	72780201	0.043940	0.091642	0.107600	0.098691	False	0.087042
HAP3_chr04	HAP4_chr09	11,13,15,17,19,23	23	41082189	31553840	2268530	70367499	0.032238	0.071894	0.120573	0.108152	False	0.102274
HAP3_chr04	HAP4_chr10	11,13,15,17,19,23	23	41082189	31025022	2198673	69908538	0.031451	0.070868	0.121615	0.108709	False	0.103617
HAP3_chr04	HAP4_chr11	11,13,15,17,19,23	23	41082189	29508763	1968688	68622264	0.028689	0.066715	0.125495	0.111046	False	0.107207
HAP3_chr04	HAP4_chr12	11,13,15,17,19,23	23	41082189	29184285	1915650	68350824	0.028027	0.065640	0.126482	0.111674	False	0.106456
HAP3_chr04	HAP4_chr13	11,13,15,17,19,23	23	41082189	28038087	1711231	67409045	0.025386	0.061032	0.130673	0.114480	False	0.111304
HAP3_chr04	HAP4_chr14	11,13,15,17,19,23	23	41082189	26946496	1991559	66037126	0.030158	0.073908	0.123385	0.107080	False	0.102712
HAP3_chr04	HAP4_chr15	11,13,15,17,19,23	23	41082189	24564508	1854226	63792471	0.029067	0.075484	0.124942	0.106260	False	0.103458
HAP3_chr05	HAP3_chr06	11,13,15,17,19,23	23	37728269	40073292	3744430	74057131	0.050561	0.099247	0.101772	0.095561	False	0.080364
HAP3_chr05	HAP3_chr07	11,13,15,17,19,23	23	37728269	33876111	1926624	69677756	0.027650	0.056873	0.127054	0.117194	False	0.111138
HAP3_chr05	HAP3_chr08	11,13,15,17,19,23	23	37728269	36015017	2081727	71661559	0.029049	0.057802	0.124967	0.116572	False	0.107901
HAP3_chr05	HAP3_chr09	11,13,15,17,19,23	23	37728269	34974758	2036815	70666212	0.028823	0.058237	0.125298	0.116284	False	0.108212
HAP3_chr05	HAP3_chr10	11,13,15,17,19,23	23	37728269	34414061	3581805	68560525	0.052243	0.104080	0.100419	0.093690	False	0.078929
HAP3_chr05	HAP3_chr11	11,13,15,17,19,23	23	37728269	29847782	1716097	65859954	0.026057	0.057495	0.129568	0.116776	False	0.111310
HAP3_chr05	HAP3_chr12	11,13,15,17,19,23	23	37728269	32433415	1743334	68418350	0.025481	0.053751	0.130515	0.119358	False	0.112519
HAP3_chr05	HAP3_chr13	11,13,15,17,19,23	23	37728269	29733458	1706133	65755594	0.025947	0.057381	0.129747	0.116852	False	0.111085
HAP3_chr05	HAP3_chr14	11,13,15,17,19,23	23	37728269	29012809	1775839	64965239	0.027335	0.061209	0.127539	0.114369	False	0.108639
HAP3_chr05	HAP3_chr15	11,13,15,17,19,23	23	37728269	27875899	1651647	63952521	0.025826	0.059250	0.129944	0.115621	False	0.110703
HAP3_chr05	HAP4_chr01	11,13,15,17,19,23	23	37728269	41241440	2118281	76851428	0.027563	0.056146	0.127187	0.117687	False	0.112598
HAP3_chr05	HAP4_chr02	11,13,15,17,19,23	23	37728269	38993514	2132441	74589342	0.028589	0.056521	0.125642	0.117432	False	0.110850
HAP3_chr05	HAP4_chr03	11,13,15,17,19,23	23	37728269	43331636	2220571	78839334	0.028166	0.058857	0.126273	0.115876	False	0.111785
HAP3_chr05	HAP4_chr04	11,13,15,17,19,23	23	37728269	36662643	2745554	71645358	0.038321	0.074887	0.113313	0.106569	False	0.095076
HAP3_chr05	HAP4_chr05	11,13,15,17,19,23	23	37728269	41047945	22430644	56345570	0.398091	0.594531	0.024480	0.022354	False	0.013803
HAP3_chr05	HAP4_chr06	11,13,15,17,19,23	23	37728269	36617732	3526839	70819162	0.049801	0.096315	0.102399	0.096740	False	0.080600
HAP3_chr05	HAP4_chr07	11,13,15,17,19,23	23	37728269	34782765	1883518	70627516	0.026668	0.054151	0.128585	0.119074	False	0.112625
HAP3_chr05	HAP4_chr08	11,13,15,17,19,23	23	37728269	34895954	2127274	70496949	0.030175	0.060960	0.123361	0.114526	False	0.106016
HAP3_chr05	HAP4_chr09	11,13,15,17,19,23	23	37728269	31553840	1831217	67450892	0.027149	0.058035	0.127829	0.116417	False	0.109557
HAP3_chr05	HAP4_chr10	11,13,15,17,19,23	23	37728269	31025022	3105252	65648039	0.047302	0.100089	0.104534	0.095229	False	0.082270
HAP3_chr05	HAP4_chr11	11,13,15,17,19,23	23	37728269	29508763	1863027	65374005	0.028498	0.063135	0.125777	0.113175	False	0.107548
HAP3_chr05	HAP4_chr12	11,13,15,17,19,23	23	37728269	29184285	1635137	65277417	0.025049	0.056028	0.131240	0.117768	False	0.112132
HAP3_chr05	HAP4_chr13	11,13,15,17,19,23	23	37728269	28038087	1640634	64125722	0.025585	0.058514	0.130343	0.116101	False	0.111085
HAP3_chr05	HAP4_chr14	11,13,15,17,19,23	23	37728269	26946496	1732590	62942175	0.027527	0.064297	0.127244	0.112471	False	0.107167
HAP3_chr05	HAP4_chr15	11,13,15,17,19,23	23	37728269	24564508	1610609	60682168	0.026542	0.065567	0.128786	0.111717	False	0.107899
HAP3_chr06	HAP3_chr07	11,13,15,17,19,23	23	40073292	33876111	2057350	71892053	0.028617	0.060732	0.125601	0.114670	False	0.108827
HAP3_chr06	HAP3_chr08	11,13,15,17,19,23	23	40073292	36015017	2140744	73947565	0.028949	0.059440	0.125113	0.115497	False	0.108534
HAP3_chr06	HAP3_chr09	11,13,15,17,19,23	23	40073292	34974758	2346737	72701313	0.032279	0.067098	0.120520	0.110825	False	0.102754
HAP3_chr06	HAP3_chr10	11,13,15,17,19,23	23	40073292	34414061	3241715	71245638	0.045501	0.094197	0.106147	0.097613	False	0.084933
HAP3_chr06	HAP3_chr11	11,13,15,17,19,23	23	40073292	29847782	1782724	68138350	0.026163	0.059727	0.129395	0.115312	False	0.110949
HAP3_chr06	HAP3_chr12	11,13,15,17,19,23	23	40073292	32433415	1982900	70523807	0.028117	0.061138	0.126347	0.114414	False	0.107729
HAP3_chr06	HAP3_chr13	11,13,15,17,19,23	23	40073292	29733458	1801565	68005185	0.026492	0.060590	0.128866	0.114760	False	0.110147
HAP3_chr06	HAP3_chr14	11,13,15,17,19,23	23	40073292	29012809	1952875	67133226	0.029090	0.067311	0.124909	0.110702	False	0.105375
HAP3_chr06	HAP3_chr15	11,13,15,17,19,23	23	40073292	27875899	1859994	66089197	0.028144	0.066724	0.126306	0.111041	False	0.106431
HAP3_chr06	HAP4_chr01	11,13,15,17,19,23	23	40073292	41241440	2413655	78901077	0.030591	0.060231	0.122784	0.114989	False	0.107663
HAP3_chr06	HAP4_chr02	11,13,15,17,19,23	23	40073292	38993514	2190824	76875982	0.028498	0.056184	0.125777	0.117661	False	0.110769
HAP3_chr06	HAP4_chr03	11,13,15,17,19,23	23	40073292	43331636	2493047	80911881	0.030812	0.062212	0.122481	0.113743	False	0.107541
HAP3_chr06	HAP4_chr04	11,13,15,17,19,23	23	40073292	36662643	2675711	74060224	0.036129	0.072982	0.115783	0.107569	False	0.097081
HAP3_chr06	HAP4_chr05	11,13,15,17,19,23	23	40073292	41047945	3985122	77136115	0.051664	0.099446	0.100880	0.095483	False	0.080308
HAP3_chr06	HAP4_chr06	11,13,15,17,19,23	23	40073292	36617732	23445316	53245708	0.440323	0.640272	0.021390	0.019199	False	0.011515
HAP3_chr06	HAP4_chr07	11,13,15,17,19,23	23	40073292	34782765	1987242	72868815	0.027272	0.057133	0.127638	0.117019	False	0.110903
HAP3_chr06	HAP4_chr08	11,13,15,17,19,23	23	40073292	34895954	2158411	72810835	0.029644	0.061853	0.124111	0.113966	False	0.107071
HAP3_chr06	HAP4_chr09	11,13,15,17,19,23	23	40073292	31553840	2159695	69467437	0.031089	0.068445	0.122103	0.110056	False	0.103327
HAP3_chr06	HAP4_chr10	11,13,15,17,19,23	23	40073292	31025022	2859230	68239084	0.041900	0.092159	0.109581	0.098471	False	0.087549
HAP3_chr06	HAP4_chr11	11,13,15,17,19,23	23	40073292	29508763	1893393	67688662	0.027972	0.064164	0.126565	0.112552	False	0.108127
HAP3_chr06	HAP4_chr12	11,13,15,17,19,23	23	40073292	29184285	1821807	67435770	0.027015	0.062424	0.128037	0.113612	False	0.108138
HAP3_chr06	HAP4_chr13	11,13,15,17,19,23	23	40073292	28038087	1690645	66420734	0.025454	0.060298	0.130560	0.114946	False	0.110983
HAP3_chr06	HAP4_chr14	11,13,15,17,19,23	23	40073292	26946496	1894802	65124986	0.029095	0.070317	0.124901	0.109011	False	0.103981
HAP3_chr06	HAP4_chr15	11,13,15,17,19,23	23	40073292	24564508	1792835	62844965	0.028528	0.072985	0.125733	0.107568	False	0.104080
HAP3_chr07	HAP3_chr08	11,13,15,17,19,23	23	33876111	36015017	3143411	66747717	0.047094	0.092791	0.104717	0.098202	False	0.081516
HAP3_chr07	HAP3_chr09	11,13,15,17,19,23	23	33876111	34974758	2018978	66831891	0.030210	0.059599	0.123313	0.115395	False	0.105427
HAP3_chr07	HAP3_chr10	11,13,15,17,19,23	23	33876111	34414061	2420952	65869220	0.036754	0.071465	0.115063	0.108384	False	0.095394
HAP3_chr07	HAP3_chr11	11,13,15,17,19,23	23	33876111	29847782	1659005	62064888	0.026730	0.055582	0.128487	0.118074	False	0.109239
HAP3_chr07	HAP3_chr12	11,13,15,17,19,23	23	33876111	32433415	1773227	64536299	0.027476	0.054673	0.127321	0.118707	False	0.107437
HAP3_chr07	HAP3_chr13	11,13,15,17,19,23	23	33876111	29733458	1668186	61941383	0.026932	0.056105	0.128169	0.117715	False	0.108975
HAP3_chr07	HAP3_chr14	11,13,15,17,19,23	23	33876111	29012809	1683100	61205820	0.027499	0.058012	0.127286	0.116432	False	0.107220
HAP3_chr07	HAP3_chr15	11,13,15,17,19,23	23	33876111	27875899	1582579	60169431	0.026302	0.056772	0.129171	0.117262	False	0.109041
HAP3_chr07	HAP4_chr01	11,13,15,17,19,23	23	33876111	41241440	1995526	73122025	0.027290	0.058907	0.127609	0.115844	False	0.111507
HAP3_chr07	HAP4_chr02	11,13,15,17,19,23	23	33876111	38993514	2061166	70808459	0.029109	0.060844	0.124881	0.114599	False	0.108835
HAP3_chr07	HAP4_chr03	11,13,15,17,19,23	23	33876111	43331636	2176685	75031062	0.029010	0.064254	0.125024	0.112497	False	0.109394
HAP3_chr07	HAP4_chr04	11,13,15,17,19,23	23	33876111	36662643	3673201	66865553	0.054934	0.108430	0.098346	0.092075	False	0.075830
HAP3_chr07	HAP4_chr05	11,13,15,17,19,23	23	33876111	41047945	2027940	72896116	0.027820	0.059863	0.126796	0.115224	False	0.111562
HAP3_chr07	HAP4_chr06	11,13,15,17,19,23	23	33876111	36617732	1954476	68539367	0.028516	0.057695	0.125750	0.116643	False	0.108185
HAP3_chr07	HAP4_chr07	11,13,15,17,19,23	23	33876111	34782765	20757471	47901405	0.433337	0.612747	0.021874	0.021071	False	0.011182
HAP3_chr07	HAP4_chr08	11,13,15,17,19,23	23	33876111	34895954	3059915	65712150	0.046565	0.090327	0.105185	0.099257	False	0.082154
HAP3_chr07	HAP4_chr09	11,13,15,17,19,23	23	33876111	31553840	1885402	63544549	0.029671	0.059752	0.124074	0.115296	False	0.105184
HAP3_chr07	HAP4_chr10	11,13,15,17,19,23	23	33876111	31025022	2309804	62591329	0.036903	0.074450	0.114894	0.106796	False	0.093632
HAP3_chr07	HAP4_chr11	11,13,15,17,19,23	23	33876111	29508763	1730222	61654652	0.028063	0.058634	0.126427	0.116022	False	0.106894
HAP3_chr07	HAP4_chr12	11,13,15,17,19,23	23	33876111	29184285	1656744	61403652	0.026981	0.056768	0.128091	0.117264	False	0.107092
HAP3_chr07	HAP4_chr13	11,13,15,17,19,23	23	33876111	28038087	1566417	60347781	0.025956	0.055867	0.129731	0.117878	False	0.109631
HAP3_chr07	HAP4_chr14	11,13,15,17,19,23	23	33876111	26946496	1637018	59185589	0.027659	0.060751	0.127041	0.114658	False	0.105801
HAP3_chr07	HAP4_chr15	11,13,15,17,19,23	23	33876111	24564508	1538982	56901637	0.027046	0.062651	0.127989	0.113472	False	0.106170
HAP3_chr08	HAP3_chr09	11,13,15,17,19,23	23	36015017	34974758	2163862	68825913	0.031440	0.061869	0.121630	0.113956	False	0.102976
HAP3_chr08	HAP3_chr10	11,13,15,17,19,23	23	36015017	34414061	2433583	67995495	0.035790	0.070715	0.116178	0.108793	False	0.096145
HAP3_chr08	HAP3_chr11	11,13,15,17,19,23	23	36015017	29847782	1620451	64242348	0.025224	0.054290	0.130944	0.118975	False	0.111448
HAP3_chr08	HAP3_chr12	11,13,15,17,19,23	23	36015017	32433415	1829054	66619378	0.027455	0.056394	0.127354	0.117518	False	0.108100
HAP3_chr08	HAP3_chr13	11,13,15,17,19,23	23	36015017	29733458	1632828	64115647	0.025467	0.054916	0.130538	0.118537	False	0.111072
HAP3_chr08	HAP3_chr14	11,13,15,17,19,23	23	36015017	29012809	1782378	63245448	0.028182	0.061434	0.126249	0.114228	False	0.105815
HAP3_chr08	HAP3_chr15	11,13,15,17,19,23	23	36015017	27875899	1730013	62160903	0.027831	0.062061	0.126778	0.113836	False	0.106392
HAP3_chr08	HAP4_chr01	11,13,15,17,19,23	23	36015017	41241440	2172260	75084197	0.028931	0.060315	0.125140	0.114935	False	0.108730
HAP3_chr08	HAP4_chr02	11,13,15,17,19,23	23	36015017	38993514	2069190	72939341	0.028369	0.057454	0.125969	0.116804	False	0.110062
HAP3_chr08	HAP4_chr03	11,13,15,17,19,23	23	36015017	43331636	2344655	77001998	0.030449	0.065102	0.122980	0.111991	False	0.106869
HAP3_chr08	HAP4_chr04	11,13,15,17,19,23	23	36015017	36662643	3123893	69553767	0.044913	0.086739	0.106687	0.100843	False	0.085171
HAP3_chr08	HAP4_chr05	11,13,15,17,19,23	23	36015017	41047945	2270765	74792197	0.030361	0.063051	0.123103	0.113227	False	0.106599
HAP3_chr08	HAP4_chr06	11,13,15,17,19,23	23	36015017	36617732	2030686	70602063	0.028762	0.056384	0.125387	0.117525	False	0.108148
HAP3_chr08	HAP4_chr07	11,13,15,17,19,23	23	36015017	34782765	3342181	67455601	0.049546	0.096087	0.102611	0.096833	False	0.079320
HAP3_chr08	HAP4_chr08	11,13,15,17,19,23	23	36015017	34895954	20694505	50216466	0.412106	0.593035	0.023409	0.022461	False	0.012254
HAP3_chr08	HAP4_chr09	11,13,15,17,19,23	23	36015017	31553840	2005731	65563126	0.030592	0.063565	0.122782	0.112913	False	0.103265
HAP3_chr08	HAP4_chr10	11,13,15,17,19,23	23	36015017	31025022	2352094	64687945	0.036361	0.075813	0.115515	0.106091	False	0.093887
HAP3_chr08	HAP4_chr11	11,13,15,17,19,23	23	36015017	29508763	1755546	63768234	0.027530	0.059492	0.127239	0.115464	False	0.107960
HAP3_chr08	HAP4_chr12	11,13,15,17,19,23	23	36015017	29184285	1644619	63554683	0.025877	0.056353	0.129861	0.117546	False	0.109204
HAP3_chr08	HAP4_chr13	11,13,15,17,19,23	23	36015017	28038087	1544108	62508996	0.024702	0.055072	0.131831	0.118428	False	0.111706
HAP3_chr08	HAP4_chr14	11,13,15,17,19,23	23	36015017	26946496	1766491	61195022	0.028867	0.065555	0.125234	0.111723	False	0.103672
HAP3_chr08	HAP4_chr15	11,13,15,17,19,23	23	36015017	24564508	1637164	58942361	0.027776	0.066648	0.126863	0.111085	False	0.104582
HAP3_chr09	HAP3_chr10	11,13,15,17,19,23	23	34974758	34414061	2207878	67180941	0.032865	0.064156	0.119763	0.112556	False	0.101011
HAP3_chr09	HAP3_chr11	11,13,15,17,19,23	23	34974758	29847782	3022140	61800400	0.048902	0.101252	0.103154	0.094775	False	0.077300
HAP3_chr09	HAP3_chr12	11,13,15,17,19,23	23	34974758	32433415	1930966	65477207	0.029491	0.059536	0.124330	0.115435	False	0.103655
HAP3_chr09	HAP3_chr13	11,13,15,17,19,23	23	34974758	29733458	1786123	62922093	0.028386	0.060071	0.125943	0.115091	False	0.105684
HAP3_chr09	HAP3_chr14	11,13,15,17,19,23	23	34974758	29012809	1949656	62037911	0.031427	0.067200	0.121647	0.110766	False	0.100325
HAP3_chr09	HAP3_chr15	11,13,15,17,19,23	23	34974758	27875899	2925218	59925439	0.048814	0.104937	0.103228	0.093367	False	0.076737
HAP3_chr09	HAP4_chr01	11,13,15,17,19,23	23	34974758	41241440	2402670	73813528	0.032551	0.068697	0.120167	0.109914	False	0.102820
HAP3_chr09	HAP4_chr02	11,13,15,17,19,23	23	34974758	38993514	2210451	71757821	0.030804	0.063201	0.122491	0.113135	False	0.105398
HAP3_chr09	HAP4_chr03	11,13,15,17,19,23	23	34974758	43331636	2592587	75713807	0.034242	0.074127	0.118036	0.106965	False	0.101091
HAP3_chr09	HAP4_chr04	11,13,15,17,19,23	23	34974758	36662643	2278787	69358614	0.032855	0.065155	0.119775	0.111960	False	0.101358
HAP3_chr09	HAP4_chr05	11,13,15,17,19,23	23	34974758	41047945	2149262	73873441	0.029094	0.061452	0.124903	0.114216	False	0.108630
HAP3_chr09	HAP4_chr06	11,13,15,17,19,23	23	34974758	36617732	2215661	69376829	0.031937	0.063350	0.120969	0.113044	False	0.102641
HAP3_chr09	HAP4_chr07	11,13,15,17,19,23	23	34974758	34782765	1965102	67792421	0.028987	0.056496	0.125058	0.117449	False	0.107002
HAP3_chr09	HAP4_chr08	11,13,15,17,19,23	23	34974758	34895954	2179010	67691702	0.032190	0.062443	0.120636	0.113600	False	0.101623
HAP3_chr09	HAP4_chr09	11,13,15,17,19,23	23	34974758	31553840	18393519	48135079	0.382123	0.582925	0.025760	0.023192	False	0.013091
HAP3_chr09	HAP4_chr10	11,13,15,17,19,23	23	34974758	31025022	2109625	63890155	0.033020	0.067998	0.119565	0.110310	False	0.099349
HAP3_chr09	HAP4_chr11	11,13,15,17,19,23	23	34974758	29508763	3046243	61437278	0.049583	0.103232	0.102581	0.094012	False	0.076977
HAP3_chr09	HAP4_chr12	11,13,15,17,19,23	23	34974758	29184285	1791611	62367432	0.028727	0.061390	0.125439	0.114256	False	0.103689
HAP3_chr09	HAP4_chr13	11,13,15,17,19,23	23	34974758	28038087	1665639	61347206	0.027151	0.059406	0.127825	0.115519	False	0.106533
HAP3_chr09	HAP4_chr14	11,13,15,17,19,23	23	34974758	26946496	1907633	60013621	0.031787	0.070793	0.121168	0.108750	False	0.098566
HAP3_chr09	HAP4_chr15	11,13,15,17,19,23	23	34974758	24564508	2630143	56909123	0.046217	0.107071	0.105498	0.092573	False	0.077663
HAP3_chr10	HAP3_chr11	11,13,15,17,19,23	23	34414061	29847782	1654553	62607290	0.026427	0.055433	0.128969	0.118177	False	0.109406
HAP3_chr10	HAP3_chr12	11,13,15,17,19,23	23	34414061	32433415	1854109	64993367	0.028528	0.057167	0.125733	0.116996	False	0.106301
HAP3_chr10	HAP3_chr13	11,13,15,17,19,23	23	34414061	29733458	1671110	62476409	0.026748	0.056203	0.128459	0.117648	False	0.108904
HAP3_chr10	HAP3_chr14	11,13,15,17,19,23	23	34414061	29012809	1852746	61574124	0.030090	0.063860	0.123481	0.112735	False	0.102943
HAP3_chr10	HAP3_chr15	11,13,15,17,19,23	23	34414061	27875899	1726509	60563451	0.028507	0.061936	0.125763	0.113914	False	0.104847
HAP3_chr10	HAP4_chr01	11,13,15,17,19,23	23	34414061	41241440	2233065	73422436	0.030414	0.064888	0.123029	0.112118	False	0.106610
HAP3_chr10	HAP4_chr02	11,13,15,17,19,23	23	34414061	38993514	2070862	71336713	0.029029	0.060175	0.124996	0.115025	False	0.108866
HAP3_chr10	HAP4_chr03	11,13,15,17,19,23	23	34414061	43331636	2394588	75351109	0.031779	0.069582	0.121178	0.109418	False	0.104830
HAP3_chr10	HAP4_chr04	11,13,15,17,19,23	23	34414061	36662643	2169583	68907121	0.031486	0.063044	0.121569	0.113231	False	0.103847
HAP3_chr10	HAP4_chr05	11,13,15,17,19,23	23	34414061	41047945	3718412	71743594	0.051829	0.108049	0.100747	0.092214	False	0.080161
HAP3_chr10	HAP4_chr06	11,13,15,17,19,23	23	34414061	36617732	3086927	67944866	0.045433	0.089700	0.106209	0.099530	False	0.084330
HAP3_chr10	HAP4_chr07	11,13,15,17,19,23	23	34414061	34782765	2606846	66589980	0.039148	0.075749	0.112420	0.106124	False	0.092079
HAP3_chr10	HAP4_chr08	11,13,15,17,19,23	23	34414061	34895954	2448987	66861028	0.036628	0.071162	0.115207	0.108548	False	0.094604
HAP3_chr10	HAP4_chr09	11,13,15,17,19,23	23	34414061	31553840	2020371	63947530	0.031594	0.064029	0.121423	0.112633	False	0.101625
HAP3_chr10	HAP4_chr10	11,13,15,17,19,23	23	34414061	31025022	18561124	46877959	0.395946	0.598263	0.024648	0.022088	False	0.012508
HAP3_chr10	HAP4_chr11	11,13,15,17,19,23	23	34414061	29508763	1788419	62134405	0.028783	0.060606	0.125356	0.114750	False	0.105912
HAP3_chr10	HAP4_chr12	11,13,15,17,19,23	23	34414061	29184285	1647272	61951074	0.026590	0.056444	0.128710	0.117484	False	0.107818
HAP3_chr10	HAP4_chr13	11,13,15,17,19,23	23	34414061	28038087	1602029	60850119	0.026327	0.057138	0.129130	0.117015	False	0.108980
HAP3_chr10	HAP4_chr14	11,13,15,17,19,23	23	34414061	26946496	1817088	59543469	0.030517	0.067433	0.122886	0.110632	False	0.101108
HAP3_chr10	HAP4_chr15	11,13,15,17,19,23	23	34414061	24564508	1697679	57280890	0.029638	0.069111	0.124120	0.109681	False	0.101588
HAP3_chr11	HAP3_chr12	11,13,15,17,19,23	23	29847782	32433415	1529349	60751848	0.025174	0.051238	0.131029	0.121189	False	0.109861
HAP3_chr11	HAP3_chr13	11,13,15,17,19,23	23	29847782	29733458	1498532	58082708	0.025800	0.050399	0.129987	0.121820	False	0.108408
HAP3_chr11	HAP3_chr14	11,13,15,17,19,23	23	29847782	29012809	1560264	57300327	0.027230	0.053778	0.127703	0.119338	False	0.105860
HAP3_chr11	HAP3_chr15	11,13,15,17,19,23	23	29847782	27875899	3243673	54480008	0.059539	0.116361	0.095035	0.089284	False	0.067604
HAP3_chr11	HAP4_chr01	11,13,15,17,19,23	23	29847782	41241440	1812187	69277035	0.026159	0.060714	0.129402	0.114681	False	0.110969
HAP3_chr11	HAP4_chr02	11,13,15,17,19,23	23	29847782	38993514	1847306	66993990	0.027574	0.061891	0.127171	0.113942	False	0.108742
HAP3_chr11	HAP4_chr03	11,13,15,17,19,23	23	29847782	43331636	1916815	71262603	0.026898	0.064220	0.128222	0.112518	False	0.110076
HAP3_chr11	HAP4_chr04	11,13,15,17,19,23	23	29847782	36662643	1673220	64837205	0.025806	0.056058	0.129977	0.117747	False	0.110455
HAP3_chr11	HAP4_chr05	11,13,15,17,19,23	23	29847782	41047945	1801492	69094235	0.026073	0.060356	0.129541	0.114909	False	0.111858
HAP3_chr11	HAP4_chr06	11,13,15,17,19,23	23	29847782	36617732	1675258	64790256	0.025857	0.056127	0.129894	0.117700	False	0.110766
HAP3_chr11	HAP4_chr07	11,13,15,17,19,23	23	29847782	34782765	1657862	62972685	0.026327	0.055544	0.129131	0.118101	False	0.109790
HAP3_chr11	HAP4_chr08	11,13,15,17,19,23	23	29847782	34895954	1616229	63127507	0.025603	0.054149	0.130313	0.119075	False	0.110468
HAP3_chr11	HAP4_chr09	11,13,15,17,19,23	23	29847782	31553840	2815293	58586329	0.048054	0.094322	0.103879	0.097561	False	0.077358
HAP3_chr11	HAP4_chr10	11,13,15,17,19,23	23	29847782	31025022	1565673	59307131	0.026399	0.052455	0.129014	0.120292	False	0.107972
HAP3_chr11	HAP4_chr11	11,13,15,17,19,23	23	29847782	29508763	16324271	43032274	0.379349	0.553201	0.025990	0.025412	False	0.028064
HAP3_chr11	HAP4_chr12	11,13,15,17,19,23	23	29847782	29184285	1401899	57630168	0.024326	0.048036	0.132483	0.123651	False	0.110230
HAP3_chr11	HAP4_chr13	11,13,15,17,19,23	23	29847782	28038087	1410068	56475801	0.024968	0.050291	0.131378	0.121902	False	0.109042
HAP3_chr11	HAP4_chr14	11,13,15,17,19,23	23	29847782	26946496	1475890	55318388	0.026680	0.054771	0.128566	0.118638	False	0.105447
HAP3_chr11	HAP4_chr15	11,13,15,17,19,23	23	29847782	24564508	2860852	51551438	0.055495	0.116463	0.097927	0.089249	False	0.069144
HAP3_chr12	HAP3_chr13	11,13,15,17,19,23	23	32433415	29733458	2843137	59323736	0.047926	0.095621	0.103990	0.097024	False	0.077632
HAP3_chr12	HAP3_chr14	11,13,15,17,19,23	23	32433415	29012809	2693668	58752556	0.045848	0.092844	0.105831	0.098180	False	0.079007
HAP3_chr12	HAP3_chr15	11,13,15,17,19,23	23	32433415	27875899	1581477	58727837	0.026929	0.056733	0.128173	0.117288	False	0.105947
HAP3_chr12	HAP4_chr01	11,13,15,17,19,23	23	32433415	41241440	1949430	71725425	0.027179	0.060106	0.127782	0.115069	False	0.109245
HAP3_chr12	HAP4_chr02	11,13,15,17,19,23	23	32433415	38993514	1848799	69578130	0.026572	0.057003	0.128739	0.117106	False	0.110842
HAP3_chr12	HAP4_chr03	11,13,15,17,19,23	23	32433415	43331636	2109198	73655853	0.028636	0.065032	0.125573	0.112033	False	0.107375
HAP3_chr12	HAP4_chr04	11,13,15,17,19,23	23	32433415	36662643	1975521	67120537	0.029432	0.060910	0.124414	0.114557	False	0.104779
HAP3_chr12	HAP4_chr05	11,13,15,17,19,23	23	32433415	41047945	1835504	71645856	0.025619	0.056593	0.130285	0.117383	False	0.113006
HAP3_chr12	HAP4_chr06	11,13,15,17,19,23	23	32433415	36617732	1848563	67202584	0.027507	0.056996	0.127274	0.117111	False	0.108085
HAP3_chr12	HAP4_chr07	11,13,15,17,19,23	23	32433415	34782765	1779353	65436827	0.027192	0.054862	0.127762	0.118574	False	0.108268
HAP3_chr12	HAP4_chr08	11,13,15,17,19,23	23	32433415	34895954	1832999	65496370	0.027986	0.056516	0.126543	0.117435	False	0.106918
HAP3_chr12	HAP4_chr09	11,13,15,17,19,23	23	32433415	31553840	1813320	62173935	0.029165	0.057467	0.124799	0.116794	False	0.103294
HAP3_chr12	HAP4_chr10	11,13,15,17,19,23	23	32433415	31025022	1746608	61711829	0.028303	0.056297	0.126068	0.117584	False	0.105123
HAP3_chr12	HAP4_chr11	11,13,15,17,19,23	23	32433415	29508763	1633926	60308252	0.027093	0.055371	0.127916	0.118220	False	0.106868
HAP3_chr12	HAP4_chr12	11,13,15,17,19,23	23	32433415	29184285	16017026	45600674	0.351245	0.548824	0.028441	0.025749	False	0.030766
HAP3_chr12	HAP4_chr13	11,13,15,17,19,23	23	32433415	28038087	2649317	57822185	0.045818	0.094490	0.105858	0.097491	False	0.078694
HAP3_chr12	HAP4_chr14	11,13,15,17,19,23	23	32433415	26946496	2463994	56915917	0.043292	0.091440	0.108218	0.098777	False	0.080773
HAP3_chr12	HAP4_chr15	11,13,15,17,19,23	23	32433415	24564508	1559386	55438537	0.028128	0.063481	0.126329	0.112964	False	0.102739
HAP3_chr13	HAP3_chr14	11,13,15,17,19,23	23	29733458	29012809	3396764	55349503	0.061369	0.117078	0.093794	0.089041	False	0.066492
HAP3_chr13	HAP3_chr15	11,13,15,17,19,23	23	29733458	27875899	1416327	56193030	0.025205	0.050808	0.130977	0.121511	False	0.108486
HAP3_chr13	HAP4_chr01	11,13,15,17,19,23	23	29733458	41241440	1757352	69217546	0.025389	0.059104	0.130668	0.115716	False	0.111918
HAP3_chr13	HAP4_chr02	11,13,15,17,19,23	23	29733458	38993514	1807237	66919735	0.027006	0.060781	0.128052	0.114639	False	0.109563
HAP3_chr13	HAP4_chr03	11,13,15,17,19,23	23	29733458	43331636	1910567	71154527	0.026851	0.064256	0.128296	0.112496	False	0.109907
HAP3_chr13	HAP4_chr04	11,13,15,17,19,23	23	29733458	36662643	1710519	64685582	0.026444	0.057528	0.128943	0.116754	False	0.109402
HAP3_chr13	HAP4_chr05	11,13,15,17,19,23	23	29733458	41047945	1810628	68970775	0.026252	0.060895	0.129251	0.114567	False	0.111342
HAP3_chr13	HAP4_chr06	11,13,15,17,19,23	23	29733458	36617732	1697576	64653614	0.026256	0.057093	0.129244	0.117045	False	0.109919
HAP3_chr13	HAP4_chr07	11,13,15,17,19,23	23	29733458	34782765	1638066	62878157	0.026051	0.055092	0.129576	0.118414	False	0.110199
HAP3_chr13	HAP4_chr08	11,13,15,17,19,23	23	29733458	34895954	1611946	63017466	0.025579	0.054213	0.130351	0.119030	False	0.110506
HAP3_chr13	HAP4_chr09	11,13,15,17,19,23	23	29733458	31553840	1628297	59659001	0.027293	0.054763	0.127604	0.118643	False	0.106251
HAP3_chr13	HAP4_chr10	11,13,15,17,19,23	23	29733458	31025022	1555738	59202742	0.026278	0.052323	0.129209	0.120388	False	0.108063
HAP3_chr13	HAP4_chr11	11,13,15,17,19,23	23	29733458	29508763	1608905	57633316	0.027916	0.054523	0.126649	0.118812	False	0.105143
HAP3_chr13	HAP4_chr12	11,13,15,17,19,23	23	29733458	29184285	2482625	56435118	0.043991	0.085067	0.107551	0.101604	False	0.080172
HAP3_chr13	HAP4_chr13	11,13,15,17,19,23	23	29733458	28038087	15098051	42673494	0.353804	0.538484	0.028208	0.026554	False	0.030640
HAP3_chr13	HAP4_chr14	11,13,15,17,19,23	23	29733458	26946496	3088425	53591529	0.057629	0.114613	0.096374	0.089883	False	0.068406
HAP3_chr13	HAP4_chr15	11,13,15,17,19,23	23	29733458	24564508	1402748	52895218	0.026519	0.057105	0.128822	0.117038	False	0.105019
HAP3_chr14	HAP3_chr15	11,13,15,17,19,23	23	29012809	27875899	1575123	55313585	0.028476	0.056505	0.125809	0.117443	False	0.102729
HAP3_chr14	HAP4_chr01	11,13,15,17,19,23	23	29012809	41241440	2013270	68240979	0.029502	0.069392	0.124314	0.109524	False	0.105151
HAP3_chr14	HAP4_chr02	11,13,15,17,19,23	23	29012809	38993514	1883852	66122471	0.028490	0.064932	0.125788	0.112093	False	0.107125
HAP3_chr14	HAP4_chr03	11,13,15,17,19,23	23	29012809	43331636	2129822	70214623	0.030333	0.073410	0.123141	0.107342	False	0.104009
HAP3_chr14	HAP4_chr04	11,13,15,17,19,23	23	29012809	36662643	1928195	63747257	0.030247	0.066460	0.123261	0.111194	False	0.102974
HAP3_chr14	HAP4_chr05	11,13,15,17,19,23	23	29012809	41047945	1831044	68229710	0.026836	0.063112	0.128319	0.113190	False	0.110010
HAP3_chr14	HAP4_chr06	11,13,15,17,19,23	23	29012809	36617732	1852050	63778491	0.029039	0.063836	0.124983	0.112750	False	0.104852
HAP3_chr14	HAP4_chr07	11,13,15,17,19,23	23	29012809	34782765	1674752	62120822	0.026960	0.057725	0.128125	0.116623	False	0.108199
HAP3_chr14	HAP4_chr08	11,13,15,17,19,23	23	29012809	34895954	1791850	62116913	0.028846	0.061761	0.125264	0.114023	False	0.104525
HAP3_chr14	HAP4_chr09	11,13,15,17,19,23	23	29012809	31553840	1830110	58736539	0.031158	0.063079	0.122010	0.113209	False	0.099919
HAP3_chr14	HAP4_chr10	11,13,15,17,19,23	23	29012809	31025022	1751348	58286483	0.030047	0.060365	0.123541	0.114904	False	0.101525
HAP3_chr14	HAP4_chr11	11,13,15,17,19,23	23	29012809	29508763	1607836	56913736	0.028250	0.055418	0.126146	0.118188	False	0.104028
HAP3_chr14	HAP4_chr12	11,13,15,17,19,23	23	29012809	29184285	2488541	55708553	0.044671	0.085774	0.106913	0.101281	False	0.079359
HAP3_chr14	HAP4_chr13	11,13,15,17,19,23	23	29012809	28038087	3211423	53839473	0.059648	0.114538	0.094960	0.089909	False	0.067048
HAP3_chr14	HAP4_chr14	11,13,15,17,19,23	23	29012809	26946496	14228234	41731071	0.340951	0.528018	0.029402	0.027384	False	0.032123
HAP3_chr14	HAP4_chr15	11,13,15,17,19,23	23	29012809	24564508	1510121	52067196	0.029003	0.061476	0.125034	0.114201	False	0.100292
HAP3_chr15	HAP4_chr01	11,13,15,17,19,23	23	27875899	41241440	1862111	67255228	0.027687	0.066800	0.126998	0.110997	False	0.107318
HAP3_chr15	HAP4_chr02	11,13,15,17,19,23	23	27875899	38993514	1768775	65100638	0.027170	0.063452	0.127796	0.112982	False	0.108445
HAP3_chr15	HAP4_chr03	11,13,15,17,19,23	23	27875899	43331636	2010847	69196688	0.029060	0.072136	0.124952	0.108022	False	0.105419
HAP3_chr15	HAP4_chr04	11,13,15,17,19,23	23	27875899	36662643	1810079	62728463	0.028856	0.064933	0.125250	0.112092	False	0.104615
HAP3_chr15	HAP4_chr05	11,13,15,17,19,23	23	27875899	41047945	1757774	67166070	0.026171	0.063057	0.129383	0.113223	False	0.110920
HAP3_chr15	HAP4_chr06	11,13,15,17,19,23	23	27875899	36617732	1777507	62716124	0.028342	0.063765	0.126009	0.112792	False	0.105620
HAP3_chr15	HAP4_chr07	11,13,15,17,19,23	23	27875899	34782765	1589417	61069247	0.026026	0.057018	0.129617	0.117096	False	0.109623
HAP3_chr15	HAP4_chr08	11,13,15,17,19,23	23	27875899	34895954	1703622	61068231	0.027897	0.061115	0.126678	0.114428	False	0.105700
HAP3_chr15	HAP4_chr09	11,13,15,17,19,23	23	27875899	31553840	2729596	56700143	0.048141	0.097920	0.103804	0.096091	False	0.076699
HAP3_chr15	HAP4_chr10	11,13,15,17,19,23	23	27875899	31025022	1661621	57239300	0.029029	0.059608	0.124996	0.115389	False	0.102804
HAP3_chr15	HAP4_chr11	11,13,15,17,19,23	23	27875899	29508763	3163302	54221360	0.058341	0.113478	0.095870	0.090277	False	0.068391
HAP3_chr15	HAP4_chr12	11,13,15,17,19,23	23	27875899	29184285	1473883	55586301	0.026515	0.052873	0.128829	0.119988	False	0.105501
HAP3_chr15	HAP4_chr13	11,13,15,17,19,23	23	27875899	28038087	1370120	54543866	0.025120	0.049151	0.131120	0.122777	False	0.108127
HAP3_chr15	HAP4_chr14	11,13,15,17,19,23	23	27875899	26946496	1540168	53282227	0.028906	0.057157	0.125177	0.117003	False	0.101023
HAP3_chr15	HAP4_chr15	11,13,15,17,19,23	23	27875899	24564508	13744587	38695820	0.355196	0.559530	0.028082	0.024930	False	0.030665
HAP4_chr01	HAP4_chr02	11,13,15,17,19,23	23	41241440	38993514	3754951	76480003	0.049097	0.096297	0.102989	0.096747	False	0.082725
HAP4_chr01	HAP4_chr03	11,13,15,17,19,23	23	41241440	43331636	4140606	80432470	0.051479	0.100399	0.101027	0.095108	False	0.081099
HAP4_chr01	HAP4_chr04	11,13,15,17,19,23	23	41241440	36662643	2302986	75601097	0.030462	0.062816	0.122962	0.113371	False	0.106837
HAP4_chr01	HAP4_chr05	11,13,15,17,19,23	23	41241440	41047945	2185786	80103599	0.027287	0.053250	0.127614	0.119717	False	0.113817
HAP4_chr01	HAP4_chr06	11,13,15,17,19,23	23	41241440	36617732	2256175	75602997	0.029842	0.061614	0.123830	0.114115	False	0.107852
HAP4_chr01	HAP4_chr07	11,13,15,17,19,23	23	41241440	34782765	2016753	74007452	0.027251	0.057981	0.127670	0.116452	False	0.111965
HAP4_chr01	HAP4_chr08	11,13,15,17,19,23	23	41241440	34895954	2250609	73886785	0.030460	0.064495	0.122965	0.112353	False	0.106496
HAP4_chr01	HAP4_chr09	11,13,15,17,19,23	23	41241440	31553840	2230273	70565007	0.031606	0.070682	0.121408	0.108811	False	0.103045
HAP4_chr01	HAP4_chr10	11,13,15,17,19,23	23	41241440	31025022	2125305	70141157	0.030300	0.068503	0.123187	0.110023	False	0.105299
HAP4_chr01	HAP4_chr11	11,13,15,17,19,23	23	41241440	29508763	1931996	68818207	0.028074	0.065472	0.126411	0.111773	False	0.108106
HAP4_chr01	HAP4_chr12	11,13,15,17,19,23	23	41241440	29184285	1822681	68603044	0.026569	0.062454	0.128744	0.113593	False	0.109065
HAP4_chr01	HAP4_chr13	11,13,15,17,19,23	23	41241440	28038087	1689081	67590446	0.024990	0.060242	0.131340	0.114982	False	0.112042
HAP4_chr01	HAP4_chr14	11,13,15,17,19,23	23	41241440	26946496	1937180	66250756	0.029240	0.071890	0.124691	0.108154	False	0.104151
HAP4_chr01	HAP4_chr15	11,13,15,17,19,23	23	41241440	24564508	1798996	64006952	0.028106	0.073236	0.126362	0.107435	False	0.104809
HAP4_chr02	HAP4_chr03	11,13,15,17,19,23	23	38993514	43331636	4889025	77436125	0.063136	0.125380	0.092632	0.086323	False	0.072184
HAP4_chr02	HAP4_chr04	11,13,15,17,19,23	23	38993514	36662643	2175185	73480972	0.029602	0.059330	0.124171	0.115569	False	0.108515
HAP4_chr02	HAP4_chr05	11,13,15,17,19,23	23	38993514	41047945	2255506	77785953	0.028996	0.057843	0.125044	0.116544	False	0.111049
HAP4_chr02	HAP4_chr06	11,13,15,17,19,23	23	38993514	36617732	2046216	73565030	0.027815	0.055880	0.126803	0.117869	False	0.111072
HAP4_chr02	HAP4_chr07	11,13,15,17,19,23	23	38993514	34782765	2064016	71712263	0.028782	0.059340	0.125358	0.115562	False	0.109452
HAP4_chr02	HAP4_chr08	11,13,15,17,19,23	23	38993514	34895954	2071317	71818151	0.028841	0.059357	0.125271	0.115551	False	0.109012
HAP4_chr02	HAP4_chr09	11,13,15,17,19,23	23	38993514	31553840	2062482	68484872	0.030116	0.065364	0.123445	0.111836	False	0.105286
HAP4_chr02	HAP4_chr10	11,13,15,17,19,23	23	38993514	31025022	1979369	68039167	0.029092	0.063799	0.124906	0.112772	False	0.107240
HAP4_chr02	HAP4_chr11	11,13,15,17,19,23	23	38993514	29508763	1996709	66505568	0.030023	0.067665	0.123575	0.110499	False	0.105413
HAP4_chr02	HAP4_chr12	11,13,15,17,19,23	23	38993514	29184285	1694609	66483190	0.025489	0.058066	0.130501	0.116397	False	0.111239
HAP4_chr02	HAP4_chr13	11,13,15,17,19,23	23	38993514	28038087	1724978	65306623	0.026414	0.061523	0.128991	0.114172	False	0.109725
HAP4_chr02	HAP4_chr14	11,13,15,17,19,23	23	38993514	26946496	1835214	64104796	0.028628	0.068106	0.125584	0.110248	False	0.105596
HAP4_chr02	HAP4_chr15	11,13,15,17,19,23	23	38993514	24564508	1737817	61820205	0.028111	0.070745	0.126355	0.108776	False	0.105327
HAP4_chr03	HAP4_chr04	11,13,15,17,19,23	23	43331636	36662643	2500546	77493733	0.032268	0.068204	0.120535	0.110192	False	0.104627
HAP4_chr03	HAP4_chr05	11,13,15,17,19,23	23	43331636	41047945	2372437	82007144	0.028930	0.057797	0.125142	0.116575	False	0.111516
HAP4_chr03	HAP4_chr06	11,13,15,17,19,23	23	43331636	36617732	2410599	77538769	0.031089	0.065831	0.122103	0.111561	False	0.106524
HAP4_chr03	HAP4_chr07	11,13,15,17,19,23	23	43331636	34782765	2142388	75972013	0.028200	0.061593	0.126222	0.114128	False	0.110601
HAP4_chr03	HAP4_chr08	11,13,15,17,19,23	23	43331636	34895954	2368297	75859293	0.031220	0.067867	0.121926	0.110384	False	0.105612
HAP4_chr03	HAP4_chr09	11,13,15,17,19,23	23	43331636	31553840	2382823	72502653	0.032865	0.075516	0.119762	0.106244	False	0.101780
HAP4_chr03	HAP4_chr10	11,13,15,17,19,23	23	43331636	31025022	2288393	72068265	0.031753	0.073760	0.121212	0.107158	False	0.103361
HAP4_chr03	HAP4_chr11	11,13,15,17,19,23	23	43331636	29508763	2030966	70809433	0.028682	0.068826	0.125505	0.109841	False	0.107300
HAP4_chr03	HAP4_chr12	11,13,15,17,19,23	23	43331636	29184285	1946595	70569326	0.027584	0.066700	0.127156	0.111055	False	0.107613
HAP4_chr03	HAP4_chr13	11,13,15,17,19,23	23	43331636	28038087	1832888	69536835	0.026359	0.065371	0.129080	0.111832	False	0.110088
HAP4_chr03	HAP4_chr14	11,13,15,17,19,23	23	43331636	26946496	2093899	68184233	0.030709	0.077706	0.122621	0.105132	False	0.102189
HAP4_chr03	HAP4_chr15	11,13,15,17,19,23	23	43331636	24564508	1943728	65952416	0.029472	0.079127	0.124358	0.104427	False	0.102901
HAP4_chr04	HAP4_chr05	11,13,15,17,19,23	23	36662643	41047945	3102215	74608373	0.041580	0.084615	0.109901	0.101812	False	0.091839
HAP4_chr04	HAP4_chr06	11,13,15,17,19,23	23	36662643	36617732	2539210	70741165	0.035894	0.069344	0.116056	0.109551	False	0.096774
HAP4_chr04	HAP4_chr07	11,13,15,17,19,23	23	36662643	34782765	3601559	67843849	0.053086	0.103544	0.099757	0.093893	False	0.077720
HAP4_chr04	HAP4_chr08	11,13,15,17,19,23	23	36662643	34895954	2905622	68652975	0.042323	0.083265	0.109162	0.102440	False	0.087781
HAP4_chr04	HAP4_chr09	11,13,15,17,19,23	23	36662643	31553840	2139501	66076982	0.032379	0.067805	0.120390	0.110420	False	0.101086
HAP4_chr04	HAP4_chr10	11,13,15,17,19,23	23	36662643	31025022	2072158	65615507	0.031580	0.066790	0.121442	0.111003	False	0.102316
HAP4_chr04	HAP4_chr11	11,13,15,17,19,23	23	36662643	29508763	1844629	64326777	0.028676	0.062511	0.125514	0.113558	False	0.106273
HAP4_chr04	HAP4_chr12	11,13,15,17,19,23	23	36662643	29184285	1827318	64019610	0.028543	0.062613	0.125710	0.113495	False	0.104820
HAP4_chr04	HAP4_chr13	11,13,15,17,19,23	23	36662643	28038087	1659814	63040916	0.026329	0.059199	0.129127	0.115654	False	0.109141
HAP4_chr04	HAP4_chr14	11,13,15,17,19,23	23	36662643	26946496	1898040	61711099	0.030757	0.070437	0.122556	0.108945	False	0.101023
HAP4_chr04	HAP4_chr15	11,13,15,17,19,23	23	36662643	24564508	1736027	59491124	0.029181	0.070672	0.124776	0.108816	False	0.102398
HAP4_chr05	HAP4_chr06	11,13,15,17,19,23	23	41047945	36617732	3710127	73955550	0.050167	0.101321	0.102096	0.094748	False	0.080935
HAP4_chr05	HAP4_chr07	11,13,15,17,19,23	23	41047945	34782765	1979279	73851431	0.026801	0.056904	0.128375	0.117173	False	0.113059
HAP4_chr05	HAP4_chr08	11,13,15,17,19,23	23	41047945	34895954	2267635	73676264	0.030778	0.064983	0.122527	0.112062	False	0.105487
HAP4_chr05	HAP4_chr09	11,13,15,17,19,23	23	41047945	31553840	1938397	70663388	0.027431	0.061431	0.127390	0.114229	False	0.109825
HAP4_chr05	HAP4_chr10	11,13,15,17,19,23	23	41047945	31025022	3232320	68840647	0.046954	0.104184	0.104841	0.093650	False	0.083358
HAP4_chr05	HAP4_chr11	11,13,15,17,19,23	23	41047945	29508763	1917966	68638742	0.027943	0.064996	0.126609	0.112054	False	0.108944
HAP4_chr05	HAP4_chr12	11,13,15,17,19,23	23	41047945	29184285	1676568	68555662	0.024456	0.057448	0.132257	0.116808	False	0.113474
HAP4_chr05	HAP4_chr13	11,13,15,17,19,23	23	41047945	28038087	1716257	67369775	0.025475	0.061212	0.130524	0.114367	False	0.111897
HAP4_chr05	HAP4_chr14	11,13,15,17,19,23	23	41047945	26946496	1796720	66197721	0.027142	0.066677	0.127840	0.111068	False	0.108329
HAP4_chr05	HAP4_chr15	11,13,15,17,19,23	23	41047945	24564508	1696367	63916086	0.026541	0.069058	0.128788	0.109711	False	0.108423
HAP4_chr06	HAP4_chr07	11,13,15,17,19,23	23	36617732	34782765	1951507	69448990	0.028100	0.056106	0.126372	0.117715	False	0.109311
HAP4_chr06	HAP4_chr08	11,13,15,17,19,23	23	36617732	34895954	2077173	69436513	0.029915	0.059525	0.123728	0.115443	False	0.106228
HAP4_chr06	HAP4_chr09	11,13,15,17,19,23	23	36617732	31553840	2058200	66113372	0.031131	0.065228	0.122046	0.111917	False	0.102707
HAP4_chr06	HAP4_chr10	11,13,15,17,19,23	23	36617732	31025022	2728972	64913782	0.042040	0.087960	0.109442	0.100296	False	0.086816
HAP4_chr06	HAP4_chr11	11,13,15,17,19,23	23	36617732	29508763	1753105	64373390	0.027233	0.059410	0.127697	0.115517	False	0.108481
HAP4_chr06	HAP4_chr12	11,13,15,17,19,23	23	36617732	29184285	1696571	64105446	0.026465	0.058133	0.128908	0.116352	False	0.108313
HAP4_chr06	HAP4_chr13	11,13,15,17,19,23	23	36617732	28038087	1613116	63042703	0.025588	0.057533	0.130338	0.116751	False	0.110293
HAP4_chr06	HAP4_chr14	11,13,15,17,19,23	23	36617732	26946496	1802092	61762136	0.029178	0.066877	0.124781	0.110952	False	0.103373
HAP4_chr06	HAP4_chr15	11,13,15,17,19,23	23	36617732	24564508	1694988	59487252	0.028493	0.069002	0.125784	0.109743	False	0.103728
HAP4_chr07	HAP4_chr08	11,13,15,17,19,23	23	34782765	34895954	3211492	66467227	0.048317	0.092330	0.103653	0.098398	False	0.080370
HAP4_chr07	HAP4_chr09	11,13,15,17,19,23	23	34782765	31553840	1863401	64473204	0.028902	0.059055	0.125182	0.115748	False	0.106378
HAP4_chr07	HAP4_chr10	11,13,15,17,19,23	23	34782765	31025022	2505340	63302447	0.039577	0.080752	0.111964	0.103635	False	0.090034
HAP4_chr07	HAP4_chr11	11,13,15,17,19,23	23	34782765	29508763	1773078	62518450	0.028361	0.060086	0.125981	0.115081	False	0.106697
HAP4_chr07	HAP4_chr12	11,13,15,17,19,23	23	34782765	29184285	1651263	62315787	0.026498	0.056581	0.128856	0.117391	False	0.108109
HAP4_chr07	HAP4_chr13	11,13,15,17,19,23	23	34782765	28038087	1564074	61256778	0.025533	0.055784	0.130428	0.117935	False	0.110333
HAP4_chr07	HAP4_chr14	11,13,15,17,19,23	23	34782765	26946496	1643252	60086009	0.027348	0.060982	0.127519	0.114512	False	0.106391
HAP4_chr07	HAP4_chr15	11,13,15,17,19,23	23	34782765	24564508	1518236	57829037	0.026254	0.061806	0.129248	0.113995	False	0.107305
HAP4_chr08	HAP4_chr09	11,13,15,17,19,23	23	34895954	31553840	2048185	64401609	0.031803	0.064911	0.121145	0.112105	False	0.101342
HAP4_chr08	HAP4_chr10	11,13,15,17,19,23	23	34895954	31025022	2376182	63544794	0.037394	0.076589	0.114340	0.105695	False	0.092312
HAP4_chr08	HAP4_chr11	11,13,15,17,19,23	23	34895954	29508763	1753962	62650755	0.027996	0.059439	0.126529	0.115498	False	0.106914
HAP4_chr08	HAP4_chr12	11,13,15,17,19,23	23	34895954	29184285	1655023	62425216	0.026512	0.056709	0.128834	0.117304	False	0.108003
HAP4_chr08	HAP4_chr13	11,13,15,17,19,23	23	34895954	28038087	1518774	61415267	0.024730	0.054168	0.131784	0.119062	False	0.111219
HAP4_chr08	HAP4_chr14	11,13,15,17,19,23	23	34895954	26946496	1792683	60049767	0.029853	0.066527	0.123814	0.111155	False	0.102164
HAP4_chr08	HAP4_chr15	11,13,15,17,19,23	23	34895954	24564508	1649953	57810509	0.028541	0.067168	0.125714	0.110784	False	0.103020
HAP4_chr09	HAP4_chr10	11,13,15,17,19,23	23	31553840	31025022	1942334	60636528	0.032032	0.062605	0.120843	0.113500	False	0.099737
HAP4_chr09	HAP4_chr11	11,13,15,17,19,23	23	31553840	29508763	2831726	58230877	0.048629	0.095962	0.103385	0.096884	False	0.077111
HAP4_chr09	HAP4_chr12	11,13,15,17,19,23	23	31553840	29184285	1708835	59029290	0.028949	0.058553	0.125114	0.116075	False	0.102740
HAP4_chr09	HAP4_chr13	11,13,15,17,19,23	23	31553840	28038087	1532940	58058987	0.026403	0.054673	0.129008	0.118706	False	0.106907
HAP4_chr09	HAP4_chr14	11,13,15,17,19,23	23	31553840	26946496	1779778	56720558	0.031378	0.066049	0.121713	0.111434	False	0.098392
HAP4_chr09	HAP4_chr15	11,13,15,17,19,23	23	31553840	24564508	2461948	53656400	0.045884	0.100224	0.105798	0.095176	False	0.077532
HAP4_chr10	HAP4_chr11	11,13,15,17,19,23	23	31025022	29508763	1687526	58846259	0.028677	0.057187	0.125513	0.116982	False	0.104604
HAP4_chr10	HAP4_chr12	11,13,15,17,19,23	23	31025022	29184285	1575665	58633642	0.026873	0.053990	0.128261	0.119188	False	0.105974
HAP4_chr10	HAP4_chr13	11,13,15,17,19,23	23	31025022	28038087	1462443	57600666	0.025389	0.052159	0.130667	0.120508	False	0.108765
HAP4_chr10	HAP4_chr14	11,13,15,17,19,23	23	31025022	26946496	1727048	56244470	0.030706	0.064092	0.122626	0.112595	False	0.099384
HAP4_chr10	HAP4_chr15	11,13,15,17,19,23	23	31025022	24564508	1616302	53973228	0.029946	0.065798	0.123683	0.111581	False	0.099787
HAP4_chr11	HAP4_chr12	11,13,15,17,19,23	23	29508763	29184285	1516688	57176360	0.026526	0.051969	0.128811	0.120648	False	0.106704
HAP4_chr11	HAP4_chr13	11,13,15,17,19,23	23	29508763	28038087	1501031	56045819	0.026782	0.053535	0.128404	0.119512	False	0.106117
HAP4_chr11	HAP4_chr14	11,13,15,17,19,23	23	29508763	26946496	1587753	54867506	0.028938	0.058922	0.125130	0.115834	False	0.102014
HAP4_chr11	HAP4_chr15	11,13,15,17,19,23	23	29508763	24564508	2809580	51263691	0.054806	0.114376	0.098442	0.089965	False	0.069835
HAP4_chr12	HAP4_chr13	11,13,15,17,19,23	23	29184285	28038087	2356920	54865452	0.042958	0.084061	0.108541	0.102068	False	0.080528
HAP4_chr12	HAP4_chr14	11,13,15,17,19,23	23	29184285	26946496	2307615	53823166	0.042874	0.085637	0.108623	0.101343	False	0.080281
HAP4_chr12	HAP4_chr15	11,13,15,17,19,23	23	29184285	24564508	1412083	52336710	0.026981	0.057485	0.128092	0.116783	False	0.103296
HAP4_chr13	HAP4_chr14	11,13,15,17,19,23	23	28038087	26946496	2903336	52081247	0.055746	0.107744	0.097741	0.092325	False	0.069249
HAP4_chr13	HAP4_chr15	11,13,15,17,19,23	23	28038087	24564508	1303371	51299224	0.025407	0.053059	0.130638	0.119854	False	0.106188
HAP4_chr14	HAP4_chr15	11,13,15,17,19,23	23	26946496	24564508	1509436	50001568	0.030188	0.061448	0.123344	0.114219	False	0.097861
